1  0.364442
2  0.365484
3  0.36653
4  0.367582
5  0.368638
6  0.3697
7  0.370766
8  0.371838
9  0.372914
10  0.373996
11  0.375083
12  0.376175
13  0.377272
14  0.378375
15  0.379483
16  0.380596
17  0.381715
18  0.382838
19  0.383968
20  0.385102
21  0.386242
22  0.387388
23  0.388539
24  0.389695
25  0.390857
26  0.392025
27  0.393199
28  0.394378
29  0.395562
30  0.396753
31  0.397949
32  0.399151
33  0.365993
34  0.367042
35  0.368096
36  0.369155
37  0.370219
38  0.371288
39  0.372362
40  0.373441
41  0.374525
42  0.375615
43  0.376709
44  0.377809
45  0.378914
46  0.380025
47  0.38114
48  0.382261
49  0.383388
50  0.38452
51  0.385657
52  0.386799
53  0.387948
54  0.389101
55  0.390261
56  0.391425
57  0.392596
58  0.393772
59  0.394954
60  0.396141
61  0.397335
62  0.398533
63  0.399738
64  0.400949
65  0.367555
66  0.368611
67  0.369672
68  0.370739
69  0.37181
70  0.372887
71  0.373968
72  0.375055
73  0.376147
74  0.377244
75  0.378347
76  0.379454
77  0.380567
78  0.381686
79  0.382809
80  0.383938
81  0.385073
82  0.386213
83  0.387358
84  0.388509
85  0.389665
86  0.390827
87  0.391995
88  0.393168
89  0.394347
90  0.395532
91  0.396722
92  0.397918
93  0.39912
94  0.400327
95  0.401541
96  0.40276
97  0.369127
98  0.370191
99  0.37126
100  0.372334
101  0.373413
102  0.374497
103  0.375586
104  0.376681
105  0.37778
106  0.378886
107  0.379996
108  0.381111
109  0.382232
110  0.383358
111  0.38449
112  0.385627
113  0.38677
114  0.387918
115  0.389071
116  0.390231
117  0.391395
118  0.392566
119  0.393741
120  0.394923
121  0.39611
122  0.397304
123  0.398502
124  0.399707
125  0.400918
126  0.402134
127  0.403356
128  0.404584
129  0.370711
130  0.371782
131  0.372858
132  0.37394
133  0.375027
134  0.376119
135  0.377216
136  0.378318
137  0.379425
138  0.380538
139  0.381656
140  0.38278
141  0.383909
142  0.385043
143  0.386183
144  0.387328
145  0.388479
146  0.389635
147  0.390797
148  0.391964
149  0.393138
150  0.394316
151  0.395501
152  0.396691
153  0.397887
154  0.399088
155  0.400296
156  0.401509
157  0.402728
158  0.403954
159  0.405185
160  0.406422
161  0.372306
162  0.373384
163  0.374469
164  0.375558
165  0.376652
166  0.377752
167  0.378857
168  0.379967
169  0.381082
170  0.382203
171  0.383329
172  0.384461
173  0.385598
174  0.38674
175  0.387888
176  0.389041
177  0.3902
178  0.391365
179  0.392535
180  0.393711
181  0.394892
182  0.39608
183  0.397272
184  0.398471
185  0.399676
186  0.400886
187  0.402102
188  0.403324
189  0.404553
190  0.405786
191  0.407026
192  0.408272
193  0.373912
194  0.374999
195  0.37609
196  0.377187
197  0.378289
198  0.379397
199  0.380509
200  0.381627
201  0.382751
202  0.383879
203  0.385014
204  0.386153
205  0.387298
206  0.388449
207  0.389605
208  0.390767
209  0.391934
210  0.393107
211  0.394286
212  0.39547
213  0.39666
214  0.397856
215  0.399057
216  0.400264
217  0.401478
218  0.402697
219  0.403922
220  0.405153
221  0.40639
222  0.407632
223  0.408881
224  0.410136
225  0.37553
226  0.376624
227  0.377723
228  0.378828
229  0.379938
230  0.381053
231  0.382174
232  0.3833
233  0.384431
234  0.385568
235  0.38671
236  0.387858
237  0.389011
238  0.39017
239  0.391335
240  0.392505
241  0.39368
242  0.394862
243  0.396049
244  0.397242
245  0.39844
246  0.399645
247  0.400855
248  0.402071
249  0.403293
250  0.404521
251  0.405754
252  0.406994
253  0.40824
254  0.409492
255  0.41075
256  0.412014
257  0.377159
258  0.378261
259  0.379368
260  0.38048
261  0.381598
262  0.382722
263  0.38385
264  0.384984
265  0.386124
266  0.387269
267  0.388419
268  0.389575
269  0.390737
270  0.391904
271  0.393076
272  0.394255
273  0.395439
274  0.396629
275  0.397824
276  0.399026
277  0.400233
278  0.401446
279  0.402665
280  0.40389
281  0.405121
282  0.406357
283  0.4076
284  0.408849
285  0.410104
286  0.411365
287  0.412632
288  0.413905
289  0.378799
290  0.379909
291  0.381024
292  0.382145
293  0.38327
294  0.384402
295  0.385538
296  0.38668
297  0.387828
298  0.388981
299  0.39014
300  0.391304
301  0.392474
302  0.39365
303  0.394831
304  0.396018
305  0.397211
306  0.398409
307  0.399613
308  0.400823
309  0.402039
310  0.403261
311  0.404489
312  0.405722
313  0.406962
314  0.408208
315  0.409459
316  0.410717
317  0.411981
318  0.413251
319  0.414528
320  0.41581
321  0.380451
322  0.381569
323  0.382692
324  0.383821
325  0.384955
326  0.386094
327  0.387239
328  0.388389
329  0.389545
330  0.390706
331  0.391873
332  0.393046
333  0.394224
334  0.395408
335  0.396598
336  0.397793
337  0.398995
338  0.400202
339  0.401415
340  0.402633
341  0.403858
342  0.405089
343  0.406325
344  0.407568
345  0.408816
346  0.410071
347  0.411332
348  0.412599
349  0.413872
350  0.415151
351  0.416437
352  0.417729
353  0.382115
354  0.383241
355  0.384373
356  0.385509
357  0.386651
358  0.387798
359  0.388951
360  0.39011
361  0.391274
362  0.392444
363  0.393619
364  0.3948
365  0.395987
366  0.397179
367  0.398378
368  0.399582
369  0.400792
370  0.402007
371  0.403229
372  0.404457
373  0.40569
374  0.40693
375  0.408175
376  0.409427
377  0.410685
378  0.411948
379  0.413218
380  0.414494
381  0.415777
382  0.417065
383  0.41836
384  0.419662
385  0.383791
386  0.384925
387  0.386064
388  0.387209
389  0.388359
390  0.389515
391  0.390676
392  0.391843
393  0.393015
394  0.394194
395  0.395378
396  0.396567
397  0.397762
398  0.398963
399  0.40017
400  0.401383
401  0.402602
402  0.403826
403  0.405057
404  0.406293
405  0.407536
406  0.408784
407  0.410039
408  0.411299
409  0.412566
410  0.413839
411  0.415118
412  0.416404
413  0.417695
414  0.418993
415  0.420297
416  0.421608
417  0.385479
418  0.386621
419  0.387769
420  0.388922
421  0.39008
422  0.391244
423  0.392413
424  0.393588
425  0.39477
426  0.395956
427  0.397148
428  0.398347
429  0.399551
430  0.40076
431  0.401976
432  0.403197
433  0.404425
434  0.405658
435  0.406897
436  0.408143
437  0.409394
438  0.410652
439  0.411916
440  0.413185
441  0.414461
442  0.415743
443  0.417032
444  0.418326
445  0.419628
446  0.420935
447  0.422249
448  0.423569
449  0.387179
450  0.388329
451  0.389485
452  0.390646
453  0.391813
454  0.392985
455  0.394163
456  0.395347
457  0.396536
458  0.397731
459  0.398932
460  0.400139
461  0.401351
462  0.40257
463  0.403794
464  0.405025
465  0.406261
466  0.407503
467  0.408752
468  0.410006
469  0.411267
470  0.412533
471  0.413806
472  0.415085
473  0.41637
474  0.417662
475  0.418959
476  0.420264
477  0.421574
478  0.422891
479  0.424214
480  0.425544
481  0.388891
482  0.39005
483  0.391213
484  0.392383
485  0.393558
486  0.394739
487  0.395925
488  0.397117
489  0.398315
490  0.399519
491  0.400729
492  0.401944
493  0.403165
494  0.404393
495  0.405626
496  0.406865
497  0.40811
498  0.409362
499  0.410619
500  0.411883
501  0.413152
502  0.414428
503  0.41571
504  0.416998
505  0.418293
506  0.419594
507  0.420901
508  0.422215
509  0.423535
510  0.424861
511  0.426194
512  0.427534
513  0.390616
514  0.391782
515  0.392955
516  0.394132
517  0.395316
518  0.396505
519  0.3977
520  0.398901
521  0.400108
522  0.40132
523  0.402538
524  0.403762
525  0.404993
526  0.406229
527  0.407471
528  0.408719
529  0.409973
530  0.411234
531  0.4125
532  0.413773
533  0.415052
534  0.416337
535  0.417628
536  0.418926
537  0.42023
538  0.42154
539  0.422857
540  0.42418
541  0.42551
542  0.426846
543  0.428188
544  0.429538
545  0.392353
546  0.393527
547  0.394708
548  0.395894
549  0.397086
550  0.398284
551  0.399488
552  0.400697
553  0.401912
554  0.403134
555  0.404361
556  0.405594
557  0.406833
558  0.408078
559  0.409329
560  0.410586
561  0.41185
562  0.413119
563  0.414395
564  0.415677
565  0.416965
566  0.418259
567  0.41956
568  0.420867
569  0.422181
570  0.4235
571  0.424827
572  0.426159
573  0.427499
574  0.428844
575  0.430197
576  0.431556
577  0.394102
578  0.395285
579  0.396474
580  0.397669
581  0.39887
582  0.400076
583  0.401288
584  0.402507
585  0.403731
586  0.404961
587  0.406197
588  0.407439
589  0.408687
590  0.409941
591  0.411201
592  0.412467
593  0.41374
594  0.415018
595  0.416303
596  0.417595
597  0.418892
598  0.420196
599  0.421506
600  0.422823
601  0.424145
602  0.425475
603  0.426811
604  0.428153
605  0.429502
606  0.430858
607  0.43222
608  0.433589
609  0.395864
610  0.397055
611  0.398253
612  0.399457
613  0.400666
614  0.401881
615  0.403102
616  0.404329
617  0.405562
618  0.406801
619  0.408046
620  0.409297
621  0.410554
622  0.411817
623  0.413086
624  0.414362
625  0.415643
626  0.416931
627  0.418226
628  0.419526
629  0.420833
630  0.422146
631  0.423466
632  0.424792
633  0.426125
634  0.427464
635  0.42881
636  0.430162
637  0.431521
638  0.432886
639  0.434258
640  0.435637
641  0.397638
642  0.398838
643  0.400045
644  0.401257
645  0.402475
646  0.403699
647  0.404929
648  0.406164
649  0.407406
650  0.408654
651  0.409908
652  0.411168
653  0.412434
654  0.413707
655  0.414985
656  0.41627
657  0.417561
658  0.418858
659  0.420162
660  0.421472
661  0.422788
662  0.424111
663  0.42544
664  0.426776
665  0.428118
666  0.429467
667  0.430823
668  0.432185
669  0.433554
670  0.434929
671  0.436311
672  0.4377
673  0.399425
674  0.400634
675  0.401849
676  0.40307
677  0.404297
678  0.40553
679  0.406768
680  0.408013
681  0.409264
682  0.410521
683  0.411784
684  0.413053
685  0.414328
686  0.41561
687  0.416898
688  0.418192
689  0.419492
690  0.420799
691  0.422112
692  0.423432
693  0.424758
694  0.42609
695  0.427429
696  0.428775
697  0.430127
698  0.431485
699  0.432851
700  0.434222
701  0.435601
702  0.436987
703  0.438379
704  0.439778
705  0.401225
706  0.402443
707  0.403667
708  0.404897
709  0.406132
710  0.407374
711  0.408622
712  0.409875
713  0.411135
714  0.412401
715  0.413673
716  0.414952
717  0.416236
718  0.417527
719  0.418824
720  0.420128
721  0.421438
722  0.422754
723  0.424077
724  0.425406
725  0.426742
726  0.428083
727  0.429432
728  0.430787
729  0.432149
730  0.433518
731  0.434893
732  0.436275
733  0.437664
734  0.43906
735  0.440462
736  0.441871
737  0.403039
738  0.404265
739  0.405498
740  0.406736
741  0.407981
742  0.409232
743  0.410488
744  0.411751
745  0.41302
746  0.414295
747  0.415577
748  0.416864
749  0.418158
750  0.419458
751  0.420765
752  0.422078
753  0.423397
754  0.424723
755  0.426056
756  0.427394
757  0.42874
758  0.430091
759  0.43145
760  0.432815
761  0.434187
762  0.435565
763  0.436951
764  0.438343
765  0.439742
766  0.441147
767  0.44256
768  0.443979
769  0.404865
770  0.4061
771  0.407342
772  0.408589
773  0.409843
774  0.411103
775  0.412369
776  0.41364
777  0.414919
778  0.416203
779  0.417494
780  0.418791
781  0.420094
782  0.421404
783  0.42272
784  0.424042
785  0.425371
786  0.426707
787  0.428048
788  0.429397
789  0.430752
790  0.432114
791  0.433482
792  0.434857
793  0.436239
794  0.437628
795  0.439023
796  0.440425
797  0.441834
798  0.44325
799  0.444673
800  0.446103
801  0.406704
802  0.407948
803  0.409199
804  0.410456
805  0.411718
806  0.412987
807  0.414262
808  0.415543
809  0.416831
810  0.418125
811  0.419425
812  0.420731
813  0.422044
814  0.423363
815  0.424689
816  0.426021
817  0.427359
818  0.428705
819  0.430056
820  0.431415
821  0.432779
822  0.434151
823  0.43553
824  0.436915
825  0.438307
826  0.439705
827  0.441111
828  0.442523
829  0.443942
830  0.445369
831  0.446802
832  0.448242
833  0.408557
834  0.40981
835  0.41107
836  0.412336
837  0.413607
838  0.414885
839  0.41617
840  0.41746
841  0.418757
842  0.42006
843  0.42137
844  0.422686
845  0.424008
846  0.425337
847  0.426672
848  0.428014
849  0.429362
850  0.430717
851  0.432079
852  0.433447
853  0.434822
854  0.436203
855  0.437592
856  0.438987
857  0.440389
858  0.441798
859  0.443213
860  0.444636
861  0.446066
862  0.447502
863  0.448946
864  0.450397
865  0.410423
866  0.411686
867  0.412954
868  0.414229
869  0.41551
870  0.416797
871  0.418091
872  0.419391
873  0.420697
874  0.42201
875  0.423329
876  0.424654
877  0.425986
878  0.427325
879  0.42867
880  0.430021
881  0.431379
882  0.432744
883  0.434116
884  0.435494
885  0.436879
886  0.43827
887  0.439669
888  0.441074
889  0.442486
890  0.443906
891  0.445332
892  0.446765
893  0.448205
894  0.449652
895  0.451106
896  0.452567
897  0.412302
898  0.413574
899  0.414852
900  0.416136
901  0.417427
902  0.418723
903  0.420026
904  0.421336
905  0.422651
906  0.423973
907  0.425302
908  0.426637
909  0.427979
910  0.429327
911  0.430682
912  0.432043
913  0.433411
914  0.434786
915  0.436167
916  0.437556
917  0.438951
918  0.440352
919  0.441761
920  0.443177
921  0.444599
922  0.446029
923  0.447465
924  0.448908
925  0.450359
926  0.451817
927  0.453281
928  0.454753
929  0.414196
930  0.415477
931  0.416764
932  0.418057
933  0.419357
934  0.420663
935  0.421976
936  0.423294
937  0.42462
938  0.425952
939  0.42729
940  0.428635
941  0.429986
942  0.431344
943  0.432709
944  0.43408
945  0.435458
946  0.436843
947  0.438234
948  0.439632
949  0.441038
950  0.44245
951  0.443869
952  0.445294
953  0.446727
954  0.448167
955  0.449614
956  0.451068
957  0.452529
958  0.453997
959  0.455472
960  0.456955
961  0.416103
962  0.417393
963  0.418689
964  0.419992
965  0.421302
966  0.422617
967  0.423939
968  0.425267
969  0.426602
970  0.427944
971  0.429292
972  0.430647
973  0.432008
974  0.433376
975  0.43475
976  0.436132
977  0.43752
978  0.438914
979  0.440316
980  0.441724
981  0.44314
982  0.444562
983  0.445991
984  0.447428
985  0.448871
986  0.450321
987  0.451778
988  0.453243
989  0.454715
990  0.456194
991  0.45768
992  0.459173
993  0.418024
994  0.419323
995  0.420629
996  0.421941
997  0.42326
998  0.424585
999  0.425917
1000  0.427255
1001  0.4286
1002  0.429951
1003  0.431309
1004  0.432673
1005  0.434044
1006  0.435422
1007  0.436807
1008  0.438198
1009  0.439596
1010  0.441001
1011  0.442413
1012  0.443832
1013  0.445257
1014  0.44669
1015  0.44813
1016  0.449576
1017  0.45103
1018  0.452491
1019  0.453959
1020  0.455434
1021  0.456916
1022  0.458406
1023  0.459902
1024  0.461407
1025  0.419958
1026  0.421268
1027  0.422583
1028  0.423905
1029  0.425233
1030  0.426568
1031  0.427909
1032  0.429257
1033  0.430611
1034  0.431972
1035  0.43334
1036  0.434715
1037  0.436096
1038  0.437484
1039  0.438878
1040  0.44028
1041  0.441688
1042  0.443103
1043  0.444525
1044  0.445954
1045  0.44739
1046  0.448833
1047  0.450283
1048  0.451741
1049  0.453205
1050  0.454676
1051  0.456155
1052  0.457641
1053  0.459134
1054  0.460634
1055  0.462142
1056  0.463657
1057  0.421907
1058  0.423226
1059  0.424551
1060  0.425882
1061  0.42722
1062  0.428565
1063  0.429916
1064  0.431273
1065  0.432638
1066  0.434009
1067  0.435386
1068  0.436771
1069  0.438162
1070  0.43956
1071  0.440965
1072  0.442376
1073  0.443795
1074  0.44522
1075  0.446653
1076  0.448092
1077  0.449539
1078  0.450992
1079  0.452453
1080  0.453921
1081  0.455396
1082  0.456878
1083  0.458367
1084  0.459864
1085  0.461368
1086  0.462879
1087  0.464397
1088  0.465923
1089  0.42387
1090  0.425198
1091  0.426533
1092  0.427874
1093  0.429222
1094  0.430576
1095  0.431937
1096  0.433305
1097  0.434679
1098  0.43606
1099  0.437447
1100  0.438842
1101  0.440243
1102  0.441651
1103  0.443066
1104  0.444488
1105  0.445917
1106  0.447353
1107  0.448796
1108  0.450246
1109  0.451703
1110  0.453167
1111  0.454638
1112  0.456116
1113  0.457602
1114  0.459095
1115  0.460595
1116  0.462103
1117  0.463618
1118  0.465139
1119  0.466669
1120  0.468206
1121  0.425848
1122  0.427185
1123  0.42853
1124  0.429881
1125  0.431238
1126  0.432602
1127  0.433973
1128  0.435351
1129  0.436735
1130  0.438126
1131  0.439523
1132  0.440928
1133  0.44234
1134  0.443758
1135  0.445183
1136  0.446615
1137  0.448055
1138  0.449501
1139  0.450955
1140  0.452415
1141  0.453882
1142  0.455357
1143  0.456839
1144  0.458328
1145  0.459825
1146  0.461328
1147  0.462839
1148  0.464358
1149  0.465884
1150  0.467417
1151  0.468957
1152  0.470506
1153  0.427839
1154  0.429187
1155  0.430541
1156  0.431902
1157  0.433269
1158  0.434643
1159  0.436024
1160  0.437411
1161  0.438805
1162  0.440207
1163  0.441615
1164  0.443029
1165  0.444451
1166  0.44588
1167  0.447316
1168  0.448758
1169  0.450208
1170  0.451665
1171  0.453129
1172  0.4546
1173  0.456078
1174  0.457564
1175  0.459056
1176  0.460556
1177  0.462063
1178  0.463578
1179  0.4651
1180  0.466629
1181  0.468166
1182  0.46971
1183  0.471262
1184  0.472821
1185  0.429845
1186  0.431203
1187  0.432567
1188  0.433937
1189  0.435315
1190  0.436699
1191  0.438089
1192  0.439487
1193  0.440891
1194  0.442303
1195  0.443721
1196  0.445146
1197  0.446578
1198  0.448017
1199  0.449463
1200  0.450917
1201  0.452377
1202  0.453844
1203  0.455319
1204  0.456801
1205  0.45829
1206  0.459786
1207  0.461289
1208  0.4628
1209  0.464318
1210  0.465844
1211  0.467377
1212  0.468917
1213  0.470465
1214  0.472021
1215  0.473583
1216  0.475154
1217  0.431866
1218  0.433233
1219  0.434607
1220  0.435988
1221  0.437375
1222  0.438769
1223  0.44017
1224  0.441578
1225  0.442993
1226  0.444414
1227  0.445843
1228  0.447278
1229  0.448721
1230  0.45017
1231  0.451627
1232  0.453091
1233  0.454562
1234  0.45604
1235  0.457525
1236  0.459017
1237  0.460517
1238  0.462024
1239  0.463539
1240  0.46506
1241  0.46659
1242  0.468126
1243  0.46967
1244  0.471222
1245  0.472781
1246  0.474348
1247  0.475922
1248  0.477504
1249  0.433901
1250  0.435279
1251  0.436663
1252  0.438053
1253  0.439451
1254  0.440855
1255  0.442266
1256  0.443684
1257  0.445109
1258  0.446541
1259  0.44798
1260  0.449426
1261  0.450879
1262  0.452339
1263  0.453806
1264  0.455281
1265  0.456762
1266  0.458251
1267  0.459747
1268  0.46125
1269  0.462761
1270  0.464279
1271  0.465804
1272  0.467337
1273  0.468877
1274  0.470425
1275  0.47198
1276  0.473543
1277  0.475113
1278  0.476691
1279  0.478277
1280  0.47987
1281  0.435952
1282  0.437339
1283  0.438733
1284  0.440134
1285  0.441541
1286  0.442956
1287  0.444377
1288  0.445806
1289  0.447241
1290  0.448683
1291  0.450133
1292  0.451589
1293  0.453053
1294  0.454523
1295  0.456001
1296  0.457486
1297  0.458979
1298  0.460478
1299  0.461985
1300  0.463499
1301  0.465021
1302  0.46655
1303  0.468086
1304  0.46963
1305  0.471182
1306  0.47274
1307  0.474307
1308  0.475881
1309  0.477462
1310  0.479051
1311  0.480649
1312  0.482253
1313  0.438017
1314  0.439414
1315  0.440818
1316  0.442229
1317  0.443647
1318  0.445072
1319  0.446504
1320  0.447943
1321  0.449388
1322  0.450841
1323  0.452301
1324  0.453768
1325  0.455242
1326  0.456724
1327  0.458212
1328  0.459708
1329  0.461211
1330  0.462722
1331  0.464239
1332  0.465765
1333  0.467297
1334  0.468837
1335  0.470385
1336  0.47194
1337  0.473502
1338  0.475072
1339  0.47665
1340  0.478235
1341  0.479828
1342  0.481429
1343  0.483037
1344  0.484653
1345  0.440097
1346  0.441505
1347  0.442919
1348  0.44434
1349  0.445768
1350  0.447204
1351  0.448646
1352  0.450095
1353  0.451551
1354  0.453014
1355  0.454485
1356  0.455963
1357  0.457447
1358  0.45894
1359  0.460439
1360  0.461946
1361  0.46346
1362  0.464981
1363  0.46651
1364  0.468046
1365  0.46959
1366  0.471141
1367  0.4727
1368  0.474266
1369  0.47584
1370  0.477421
1371  0.47901
1372  0.480607
1373  0.482211
1374  0.483823
1375  0.485443
1376  0.487071
1377  0.442193
1378  0.44361
1379  0.445035
1380  0.446467
1381  0.447905
1382  0.449351
1383  0.450803
1384  0.452263
1385  0.45373
1386  0.455204
1387  0.456685
1388  0.458173
1389  0.459669
1390  0.461172
1391  0.462682
1392  0.4642
1393  0.465725
1394  0.467257
1395  0.468797
1396  0.470345
1397  0.471899
1398  0.473462
1399  0.475031
1400  0.476609
1401  0.478194
1402  0.479787
1403  0.481387
1404  0.482995
1405  0.484611
1406  0.486235
1407  0.487866
1408  0.489506
1409  0.444303
1410  0.445731
1411  0.447166
1412  0.448608
1413  0.450057
1414  0.451513
1415  0.452977
1416  0.454447
1417  0.455924
1418  0.457409
1419  0.458901
1420  0.4604
1421  0.461907
1422  0.463421
1423  0.464942
1424  0.46647
1425  0.468006
1426  0.46955
1427  0.471101
1428  0.472659
1429  0.474225
1430  0.475799
1431  0.47738
1432  0.478969
1433  0.480565
1434  0.48217
1435  0.483781
1436  0.485401
1437  0.487029
1438  0.488664
1439  0.490307
1440  0.491958
