1  0.347845
2  0.348847
3  0.349854
4  0.350866
5  0.351882
6  0.352904
7  0.35393
8  0.354962
9  0.355998
10  0.35704
11  0.358087
12  0.359138
13  0.360195
14  0.361258
15  0.362325
16  0.363397
17  0.364475
18  0.365558
19  0.366647
20  0.367741
21  0.36884
22  0.369945
23  0.371055
24  0.37217
25  0.373291
26  0.374418
27  0.37555
28  0.376688
29  0.377832
30  0.378981
31  0.380136
32  0.381297
33  0.349337
34  0.350346
35  0.35136
36  0.352379
37  0.353403
38  0.354432
39  0.355466
40  0.356505
41  0.357549
42  0.358598
43  0.359652
44  0.360712
45  0.361777
46  0.362847
47  0.363922
48  0.365002
49  0.366088
50  0.367179
51  0.368275
52  0.369377
53  0.370485
54  0.371597
55  0.372716
56  0.373839
57  0.374969
58  0.376104
59  0.377245
60  0.378391
61  0.379543
62  0.380701
63  0.381864
64  0.383034
65  0.350839
66  0.351856
67  0.352877
68  0.353904
69  0.354935
70  0.355971
71  0.357013
72  0.358059
73  0.359111
74  0.360168
75  0.36123
76  0.362297
77  0.36337
78  0.364447
79  0.36553
80  0.366619
81  0.367712
82  0.368811
83  0.369916
84  0.371026
85  0.372141
86  0.373262
87  0.374389
88  0.375521
89  0.376659
90  0.377802
91  0.378951
92  0.380106
93  0.381267
94  0.382433
95  0.383605
96  0.384784
97  0.352353
98  0.353376
99  0.354405
100  0.355439
101  0.356478
102  0.357522
103  0.358571
104  0.359625
105  0.360684
106  0.361749
107  0.362819
108  0.363894
109  0.364974
110  0.36606
111  0.36715
112  0.368247
113  0.369348
114  0.370456
115  0.371568
116  0.372687
117  0.37381
118  0.37494
119  0.376074
120  0.377215
121  0.378361
122  0.379513
123  0.380671
124  0.381834
125  0.383003
126  0.384178
127  0.385359
128  0.386546
129  0.353877
130  0.354908
131  0.355944
132  0.356986
133  0.358032
134  0.359084
135  0.36014
136  0.361202
137  0.362269
138  0.363342
139  0.364419
140  0.365502
141  0.36659
142  0.367684
143  0.368783
144  0.369887
145  0.370997
146  0.372112
147  0.373233
148  0.37436
149  0.375492
150  0.376629
151  0.377772
152  0.378922
153  0.380076
154  0.381237
155  0.382403
156  0.383575
157  0.384753
158  0.385937
159  0.387126
160  0.388322
161  0.355412
162  0.356451
163  0.357495
164  0.358543
165  0.359598
166  0.360657
167  0.361721
168  0.362791
169  0.363866
170  0.364946
171  0.366031
172  0.367122
173  0.368218
174  0.36932
175  0.370427
176  0.371539
177  0.372657
178  0.373781
179  0.37491
180  0.376045
181  0.377185
182  0.378331
183  0.379483
184  0.380641
185  0.381804
186  0.382973
187  0.384148
188  0.385329
189  0.386515
190  0.387708
191  0.388907
192  0.390111
193  0.356959
194  0.358005
195  0.359056
196  0.360113
197  0.361175
198  0.362242
199  0.363314
200  0.364391
201  0.365474
202  0.366562
203  0.367655
204  0.368754
205  0.369858
206  0.370968
207  0.372083
208  0.373204
209  0.37433
210  0.375462
211  0.3766
212  0.377743
213  0.378892
214  0.380046
215  0.381206
216  0.382372
217  0.383544
218  0.384722
219  0.385906
220  0.387095
221  0.388291
222  0.389493
223  0.3907
224  0.391914
225  0.358516
226  0.35957
227  0.360629
228  0.361693
229  0.362763
230  0.363838
231  0.364918
232  0.366003
233  0.367094
234  0.36819
235  0.369291
236  0.370398
237  0.37151
238  0.372628
239  0.373752
240  0.374881
241  0.376015
242  0.377156
243  0.378302
244  0.379453
245  0.38061
246  0.381774
247  0.382942
248  0.384117
249  0.385298
250  0.386485
251  0.387677
252  0.388875
253  0.39008
254  0.391291
255  0.392507
256  0.39373
257  0.360086
258  0.361147
259  0.362214
260  0.363286
261  0.364363
262  0.365446
263  0.366534
264  0.367627
265  0.368726
266  0.36983
267  0.370939
268  0.372054
269  0.373175
270  0.374301
271  0.375433
272  0.37657
273  0.377713
274  0.378862
275  0.380016
276  0.381176
277  0.382342
278  0.383514
279  0.384692
280  0.385875
281  0.387064
282  0.38826
283  0.389461
284  0.390669
285  0.391882
286  0.393102
287  0.394328
288  0.39556
289  0.361666
290  0.362735
291  0.36381
292  0.36489
293  0.365975
294  0.367065
295  0.368161
296  0.369262
297  0.370369
298  0.371481
299  0.372599
300  0.373723
301  0.374851
302  0.375986
303  0.377126
304  0.378272
305  0.379423
306  0.38058
307  0.381743
308  0.382912
309  0.384087
310  0.385267
311  0.386454
312  0.387646
313  0.388844
314  0.390049
315  0.391259
316  0.392476
317  0.393698
318  0.394927
319  0.396162
320  0.397403
321  0.363258
322  0.364335
323  0.365418
324  0.366506
325  0.367598
326  0.368697
327  0.369801
328  0.37091
329  0.372025
330  0.373146
331  0.374272
332  0.375403
333  0.37654
334  0.377683
335  0.378832
336  0.379986
337  0.381146
338  0.382312
339  0.383483
340  0.384661
341  0.385844
342  0.387034
343  0.388229
344  0.38943
345  0.390637
346  0.391851
347  0.39307
348  0.394296
349  0.395528
350  0.396765
351  0.39801
352  0.39926
353  0.364862
354  0.365947
355  0.367037
356  0.368133
357  0.369234
358  0.370341
359  0.371452
360  0.37257
361  0.373693
362  0.374822
363  0.375956
364  0.377096
365  0.378242
366  0.379393
367  0.38055
368  0.381713
369  0.382882
370  0.384056
371  0.385236
372  0.386423
373  0.387615
374  0.388813
375  0.390017
376  0.391228
377  0.392444
378  0.393666
379  0.394895
380  0.39613
381  0.397371
382  0.398618
383  0.399871
384  0.401131
385  0.366477
386  0.36757
387  0.368668
388  0.369772
389  0.370881
390  0.371996
391  0.373117
392  0.374242
393  0.375374
394  0.376511
395  0.377654
396  0.378802
397  0.379956
398  0.381116
399  0.382282
400  0.383453
401  0.38463
402  0.385814
403  0.387003
404  0.388198
405  0.389399
406  0.390606
407  0.391819
408  0.393038
409  0.394264
410  0.395495
411  0.396733
412  0.397977
413  0.399227
414  0.400484
415  0.401747
416  0.403017
417  0.368104
418  0.369205
419  0.370312
420  0.371424
421  0.372541
422  0.373664
423  0.374793
424  0.375927
425  0.377067
426  0.378212
427  0.379363
428  0.38052
429  0.381683
430  0.382851
431  0.384026
432  0.385206
433  0.386392
434  0.387584
435  0.388782
436  0.389986
437  0.391196
438  0.392412
439  0.393635
440  0.394863
441  0.396097
442  0.397338
443  0.398585
444  0.399839
445  0.401098
446  0.402364
447  0.403637
448  0.404916
449  0.369743
450  0.370853
451  0.371967
452  0.373087
453  0.374213
454  0.375344
455  0.376481
456  0.377624
457  0.378772
458  0.379926
459  0.381086
460  0.382251
461  0.383422
462  0.3846
463  0.385783
464  0.386972
465  0.388167
466  0.389368
467  0.390575
468  0.391788
469  0.393007
470  0.394232
471  0.395463
472  0.396701
473  0.397945
474  0.399195
475  0.400452
476  0.401714
477  0.402984
478  0.404259
479  0.405541
480  0.40683
481  0.371395
482  0.372512
483  0.373635
484  0.374763
485  0.375897
486  0.377037
487  0.378182
488  0.379333
489  0.38049
490  0.381653
491  0.382821
492  0.383995
493  0.385175
494  0.386361
495  0.387553
496  0.388751
497  0.389955
498  0.391165
499  0.392381
500  0.393603
501  0.394831
502  0.396065
503  0.397306
504  0.398553
505  0.399806
506  0.401066
507  0.402332
508  0.403604
509  0.404883
510  0.406168
511  0.40746
512  0.408758
513  0.373058
514  0.374184
515  0.375315
516  0.376452
517  0.377594
518  0.378742
519  0.379896
520  0.381056
521  0.382221
522  0.383392
523  0.384569
524  0.385752
525  0.386941
526  0.388136
527  0.389336
528  0.390543
529  0.391756
530  0.392975
531  0.3942
532  0.395431
533  0.396669
534  0.397912
535  0.399162
536  0.400419
537  0.401682
538  0.40295
539  0.404226
540  0.405508
541  0.406796
542  0.408091
543  0.409393
544  0.410701
545  0.374734
546  0.375868
547  0.377007
548  0.378153
549  0.379303
550  0.38046
551  0.381622
552  0.38279
553  0.383964
554  0.385144
555  0.38633
556  0.387522
557  0.38872
558  0.389923
559  0.391133
560  0.392349
561  0.393571
562  0.394799
563  0.396033
564  0.397274
565  0.398521
566  0.399774
567  0.401033
568  0.402299
569  0.403571
570  0.404849
571  0.406135
572  0.407426
573  0.408724
574  0.410029
575  0.41134
576  0.412658
577  0.376422
578  0.377564
579  0.378712
580  0.379866
581  0.381025
582  0.382191
583  0.383362
584  0.384539
585  0.385721
586  0.38691
587  0.388104
588  0.389305
589  0.390512
590  0.391724
591  0.392943
592  0.394168
593  0.395399
594  0.396637
595  0.39788
596  0.39913
597  0.400386
598  0.401649
599  0.402918
600  0.404193
601  0.405474
602  0.406763
603  0.408057
604  0.409359
605  0.410667
606  0.411981
607  0.413302
608  0.41463
609  0.378123
610  0.379273
611  0.38043
612  0.381592
613  0.38276
614  0.383934
615  0.385114
616  0.386299
617  0.387491
618  0.388689
619  0.389892
620  0.391102
621  0.392317
622  0.393539
623  0.394767
624  0.396001
625  0.397241
626  0.398488
627  0.399741
628  0.401
629  0.402266
630  0.403538
631  0.404816
632  0.406101
633  0.407392
634  0.40869
635  0.409995
636  0.411306
637  0.412624
638  0.413948
639  0.415279
640  0.416617
641  0.379836
642  0.380995
643  0.38216
644  0.383331
645  0.384508
646  0.385691
647  0.386879
648  0.388073
649  0.389274
650  0.39048
651  0.391693
652  0.392912
653  0.394136
654  0.395367
655  0.396605
656  0.397848
657  0.399098
658  0.400353
659  0.401616
660  0.402884
661  0.40416
662  0.405441
663  0.406729
664  0.408024
665  0.409325
666  0.410633
667  0.411947
668  0.413268
669  0.414596
670  0.41593
671  0.417272
672  0.41862
673  0.381562
674  0.38273
675  0.383903
676  0.385083
677  0.386269
678  0.38746
679  0.388657
680  0.389861
681  0.39107
682  0.392286
683  0.393507
684  0.394735
685  0.395969
686  0.397209
687  0.398456
688  0.399708
689  0.400968
690  0.402233
691  0.403505
692  0.404783
693  0.406068
694  0.407359
695  0.408657
696  0.409961
697  0.411272
698  0.412589
699  0.413914
700  0.415245
701  0.416583
702  0.417927
703  0.419279
704  0.420637
705  0.383301
706  0.384477
707  0.38566
708  0.386848
709  0.388042
710  0.389243
711  0.390449
712  0.391661
713  0.39288
714  0.394104
715  0.395335
716  0.396572
717  0.397815
718  0.399065
719  0.400321
720  0.401583
721  0.402852
722  0.404126
723  0.405408
724  0.406696
725  0.40799
726  0.409291
727  0.410599
728  0.411913
729  0.413234
730  0.414561
731  0.415896
732  0.417237
733  0.418585
734  0.419939
735  0.421301
736  0.42267
737  0.385052
738  0.386238
739  0.387429
740  0.388626
741  0.389829
742  0.391039
743  0.392254
744  0.393475
745  0.394703
746  0.395937
747  0.397177
748  0.398423
749  0.399676
750  0.400935
751  0.4022
752  0.403472
753  0.40475
754  0.406034
755  0.407325
756  0.408623
757  0.409927
758  0.411238
759  0.412555
760  0.413879
761  0.41521
762  0.416548
763  0.417892
764  0.419244
765  0.420602
766  0.421967
767  0.423339
768  0.424718
769  0.386817
770  0.388011
771  0.389211
772  0.390418
773  0.39163
774  0.392848
775  0.394073
776  0.395303
777  0.39654
778  0.397783
779  0.399033
780  0.400288
781  0.40155
782  0.402819
783  0.404093
784  0.405374
785  0.406662
786  0.407956
787  0.409257
788  0.410565
789  0.411879
790  0.413199
791  0.414527
792  0.415861
793  0.417202
794  0.418549
795  0.419904
796  0.421266
797  0.422634
798  0.42401
799  0.425392
800  0.426781
801  0.388595
802  0.389798
803  0.391007
804  0.392223
805  0.393444
806  0.394671
807  0.395905
808  0.397145
809  0.398391
810  0.399643
811  0.400902
812  0.402167
813  0.403439
814  0.404716
815  0.406001
816  0.407292
817  0.408589
818  0.409893
819  0.411204
820  0.412521
821  0.413845
822  0.415176
823  0.416513
824  0.417857
825  0.419208
826  0.420566
827  0.421931
828  0.423303
829  0.424682
830  0.426068
831  0.42746
832  0.42886
833  0.390386
834  0.391598
835  0.392816
836  0.394041
837  0.395271
838  0.396508
839  0.397751
840  0.399
841  0.400255
842  0.401517
843  0.402786
844  0.40406
845  0.405341
846  0.406629
847  0.407923
848  0.409223
849  0.410531
850  0.411844
851  0.413165
852  0.414492
853  0.415826
854  0.417167
855  0.418514
856  0.419869
857  0.42123
858  0.422598
859  0.423974
860  0.425356
861  0.426745
862  0.428141
863  0.429545
864  0.430955
865  0.392191
866  0.393412
867  0.394639
868  0.395873
869  0.397112
870  0.398358
871  0.399611
872  0.400869
873  0.402134
874  0.403405
875  0.404683
876  0.405967
877  0.407258
878  0.408555
879  0.409859
880  0.41117
881  0.412487
882  0.413811
883  0.415141
884  0.416478
885  0.417822
886  0.419173
887  0.420531
888  0.421896
889  0.423267
890  0.424646
891  0.426032
892  0.427424
893  0.428824
894  0.430231
895  0.431645
896  0.433066
897  0.394009
898  0.395239
899  0.396476
900  0.397719
901  0.398967
902  0.400223
903  0.401484
904  0.402753
905  0.404027
906  0.405308
907  0.406595
908  0.407889
909  0.409189
910  0.410497
911  0.41181
912  0.413131
913  0.414458
914  0.415791
915  0.417132
916  0.418479
917  0.419834
918  0.421195
919  0.422563
920  0.423938
921  0.42532
922  0.426709
923  0.428105
924  0.429508
925  0.430919
926  0.432337
927  0.433761
928  0.435193
929  0.395841
930  0.39708
931  0.398326
932  0.399578
933  0.400837
934  0.402101
935  0.403372
936  0.40465
937  0.405934
938  0.407225
939  0.408522
940  0.409825
941  0.411136
942  0.412452
943  0.413776
944  0.415106
945  0.416443
946  0.417787
947  0.419138
948  0.420496
949  0.42186
950  0.423232
951  0.42461
952  0.425996
953  0.427388
954  0.428788
955  0.430194
956  0.431608
957  0.433029
958  0.434458
959  0.435893
960  0.437336
961  0.397686
962  0.398935
963  0.40019
964  0.401452
965  0.402719
966  0.403994
967  0.405275
968  0.406562
969  0.407855
970  0.409156
971  0.410463
972  0.411776
973  0.413096
974  0.414423
975  0.415757
976  0.417097
977  0.418444
978  0.419798
979  0.421159
980  0.422527
981  0.423902
982  0.425284
983  0.426673
984  0.428069
985  0.429472
986  0.430882
987  0.4323
988  0.433724
989  0.435156
990  0.436595
991  0.438042
992  0.439496
993  0.399545
994  0.400804
995  0.402068
996  0.403339
997  0.404617
998  0.405901
999  0.407191
1000  0.408488
1001  0.409791
1002  0.411101
1003  0.412418
1004  0.413742
1005  0.415072
1006  0.416409
1007  0.417752
1008  0.419103
1009  0.42046
1010  0.421825
1011  0.423196
1012  0.424574
1013  0.42596
1014  0.427352
1015  0.428751
1016  0.430158
1017  0.431572
1018  0.432993
1019  0.434421
1020  0.435856
1021  0.437299
1022  0.438749
1023  0.440206
1024  0.441671
1025  0.401419
1026  0.402687
1027  0.403961
1028  0.405241
1029  0.406528
1030  0.407822
1031  0.409122
1032  0.410429
1033  0.411742
1034  0.413062
1035  0.414389
1036  0.415722
1037  0.417062
1038  0.41841
1039  0.419763
1040  0.421124
1041  0.422492
1042  0.423866
1043  0.425248
1044  0.426637
1045  0.428033
1046  0.429436
1047  0.430846
1048  0.432263
1049  0.433687
1050  0.435119
1051  0.436558
1052  0.438004
1053  0.439458
1054  0.440919
1055  0.442388
1056  0.443864
1057  0.403306
1058  0.404583
1059  0.405867
1060  0.407157
1061  0.408454
1062  0.409757
1063  0.411067
1064  0.412384
1065  0.413707
1066  0.415037
1067  0.416374
1068  0.417717
1069  0.419068
1070  0.420425
1071  0.421789
1072  0.42316
1073  0.424538
1074  0.425923
1075  0.427316
1076  0.428715
1077  0.430121
1078  0.431535
1079  0.432956
1080  0.434384
1081  0.435819
1082  0.437261
1083  0.438711
1084  0.440169
1085  0.441633
1086  0.443106
1087  0.444585
1088  0.446072
1089  0.405208
1090  0.406495
1091  0.407788
1092  0.409088
1093  0.410395
1094  0.411708
1095  0.413028
1096  0.414354
1097  0.415687
1098  0.417028
1099  0.418374
1100  0.419728
1101  0.421089
1102  0.422456
1103  0.423831
1104  0.425212
1105  0.426601
1106  0.427996
1107  0.429399
1108  0.430809
1109  0.432226
1110  0.43365
1111  0.435081
1112  0.43652
1113  0.437966
1114  0.43942
1115  0.440881
1116  0.442349
1117  0.443825
1118  0.445309
1119  0.4468
1120  0.448298
1121  0.407124
1122  0.40842
1123  0.409723
1124  0.411033
1125  0.41235
1126  0.413673
1127  0.415003
1128  0.416339
1129  0.417683
1130  0.419033
1131  0.42039
1132  0.421754
1133  0.423125
1134  0.424503
1135  0.425888
1136  0.427279
1137  0.428678
1138  0.430085
1139  0.431498
1140  0.432919
1141  0.434346
1142  0.435781
1143  0.437224
1144  0.438673
1145  0.440131
1146  0.441595
1147  0.443067
1148  0.444547
1149  0.446034
1150  0.447529
1151  0.449031
1152  0.450541
1153  0.409054
1154  0.410361
1155  0.411674
1156  0.412993
1157  0.41432
1158  0.415653
1159  0.416993
1160  0.418339
1161  0.419693
1162  0.421053
1163  0.422421
1164  0.423795
1165  0.425176
1166  0.426564
1167  0.42796
1168  0.429363
1169  0.430772
1170  0.432189
1171  0.433613
1172  0.435044
1173  0.436483
1174  0.437929
1175  0.439382
1176  0.440843
1177  0.442311
1178  0.443787
1179  0.44527
1180  0.446761
1181  0.448259
1182  0.449765
1183  0.451279
1184  0.4528
1185  0.410999
1186  0.412316
1187  0.413638
1188  0.414968
1189  0.416304
1190  0.417648
1191  0.418998
1192  0.420354
1193  0.421718
1194  0.423089
1195  0.424467
1196  0.425851
1197  0.427243
1198  0.428642
1199  0.430048
1200  0.431461
1201  0.432882
1202  0.434309
1203  0.435744
1204  0.437186
1205  0.438636
1206  0.440093
1207  0.441557
1208  0.443029
1209  0.444508
1210  0.445995
1211  0.44749
1212  0.448992
1213  0.450501
1214  0.452019
1215  0.453544
1216  0.455077
1217  0.412959
1218  0.414285
1219  0.415618
1220  0.416958
1221  0.418304
1222  0.419658
1223  0.421018
1224  0.422385
1225  0.423759
1226  0.42514
1227  0.426528
1228  0.427924
1229  0.429326
1230  0.430736
1231  0.432152
1232  0.433576
1233  0.435007
1234  0.436446
1235  0.437891
1236  0.439344
1237  0.440805
1238  0.442273
1239  0.443749
1240  0.445231
1241  0.446722
1242  0.44822
1243  0.449726
1244  0.451239
1245  0.452761
1246  0.45429
1247  0.455826
1248  0.457371
1249  0.414933
1250  0.41627
1251  0.417613
1252  0.418962
1253  0.420319
1254  0.421683
1255  0.423053
1256  0.424431
1257  0.425815
1258  0.427207
1259  0.428606
1260  0.430012
1261  0.431424
1262  0.432845
1263  0.434272
1264  0.435707
1265  0.437149
1266  0.438598
1267  0.440055
1268  0.441519
1269  0.442991
1270  0.44447
1271  0.445957
1272  0.447451
1273  0.448953
1274  0.450462
1275  0.451979
1276  0.453504
1277  0.455037
1278  0.456577
1279  0.458126
1280  0.459682
1281  0.416923
1282  0.418269
1283  0.419622
1284  0.420983
1285  0.422349
1286  0.423723
1287  0.425104
1288  0.426492
1289  0.427887
1290  0.429289
1291  0.430699
1292  0.432115
1293  0.433539
1294  0.43497
1295  0.436408
1296  0.437854
1297  0.439307
1298  0.440767
1299  0.442235
1300  0.44371
1301  0.445193
1302  0.446683
1303  0.448181
1304  0.449687
1305  0.4512
1306  0.452721
1307  0.45425
1308  0.455786
1309  0.45733
1310  0.458882
1311  0.460443
1312  0.46201
1313  0.418927
1314  0.420284
1315  0.421647
1316  0.423018
1317  0.424395
1318  0.425779
1319  0.427171
1320  0.428569
1321  0.429975
1322  0.431388
1323  0.432808
1324  0.434235
1325  0.435669
1326  0.437111
1327  0.43856
1328  0.440017
1329  0.441481
1330  0.442952
1331  0.444431
1332  0.445918
1333  0.447412
1334  0.448914
1335  0.450423
1336  0.45194
1337  0.453464
1338  0.454997
1339  0.456537
1340  0.458085
1341  0.459641
1342  0.461205
1343  0.462777
1344  0.464357
1345  0.420947
1346  0.422314
1347  0.423688
1348  0.425068
1349  0.426456
1350  0.427851
1351  0.429253
1352  0.430662
1353  0.432078
1354  0.433502
1355  0.434933
1356  0.436371
1357  0.437816
1358  0.439269
1359  0.440729
1360  0.442197
1361  0.443672
1362  0.445154
1363  0.446645
1364  0.448142
1365  0.449648
1366  0.451161
1367  0.452681
1368  0.45421
1369  0.455746
1370  0.45729
1371  0.458842
1372  0.460402
1373  0.46197
1374  0.463545
1375  0.465129
1376  0.46672
1377  0.422982
1378  0.424359
1379  0.425743
1380  0.427135
1381  0.428533
1382  0.429938
1383  0.431351
1384  0.432771
1385  0.434198
1386  0.435632
1387  0.437074
1388  0.438523
1389  0.439979
1390  0.441443
1391  0.442914
1392  0.444393
1393  0.445879
1394  0.447373
1395  0.448875
1396  0.450384
1397  0.4519
1398  0.453425
1399  0.454957
1400  0.456497
1401  0.458045
1402  0.459601
1403  0.461164
1404  0.462736
1405  0.464316
1406  0.465903
1407  0.467499
1408  0.469102
1409  0.425032
1410  0.42642
1411  0.427815
1412  0.429217
1413  0.430625
1414  0.432042
1415  0.433465
1416  0.434895
1417  0.436333
1418  0.437779
1419  0.439231
1420  0.440691
1421  0.442159
1422  0.443633
1423  0.445116
1424  0.446606
1425  0.448103
1426  0.449608
1427  0.451121
1428  0.452642
1429  0.45417
1430  0.455706
1431  0.45725
1432  0.458802
1433  0.460361
1434  0.461929
1435  0.463504
1436  0.465088
1437  0.466679
1438  0.468279
1439  0.469886
1440  0.471502
