1  0.180916
2  0.181401
3  0.181889
4  0.182379
5  0.182871
6  0.183366
7  0.183863
8  0.184362
9  0.184863
10  0.185367
11  0.185874
12  0.186383
13  0.186894
14  0.187408
15  0.187924
16  0.188443
17  0.188964
18  0.189488
19  0.190014
20  0.190543
21  0.191074
22  0.191608
23  0.192145
24  0.192684
25  0.193226
26  0.19377
27  0.194317
28  0.194867
29  0.195419
30  0.195974
31  0.196532
32  0.197093
33  0.181639
34  0.182127
35  0.182618
36  0.183112
37  0.183607
38  0.184105
39  0.184606
40  0.185109
41  0.185614
42  0.186122
43  0.186632
44  0.187144
45  0.187659
46  0.188177
47  0.188696
48  0.189219
49  0.189744
50  0.190271
51  0.190802
52  0.191334
53  0.191869
54  0.192407
55  0.192948
56  0.193491
57  0.194036
58  0.194585
59  0.195136
60  0.195689
61  0.196246
62  0.196805
63  0.197367
64  0.197931
65  0.182366
66  0.182858
67  0.183353
68  0.18385
69  0.184349
70  0.18485
71  0.185355
72  0.185861
73  0.18637
74  0.186881
75  0.187395
76  0.187911
77  0.18843
78  0.188951
79  0.189474
80  0.190001
81  0.190529
82  0.191061
83  0.191594
84  0.192131
85  0.19267
86  0.193212
87  0.193756
88  0.194303
89  0.194853
90  0.195405
91  0.19596
92  0.196518
93  0.197078
94  0.197641
95  0.198207
96  0.198776
97  0.183099
98  0.183594
99  0.184092
100  0.184593
101  0.185096
102  0.185601
103  0.186108
104  0.186618
105  0.187131
106  0.187646
107  0.188163
108  0.188683
109  0.189205
110  0.18973
111  0.190258
112  0.190788
113  0.19132
114  0.191855
115  0.192393
116  0.192934
117  0.193476
118  0.194022
119  0.19457
120  0.195121
121  0.195675
122  0.196231
123  0.19679
124  0.197352
125  0.197917
126  0.198484
127  0.199054
128  0.199627
129  0.183837
130  0.184336
131  0.184837
132  0.185341
133  0.185848
134  0.186356
135  0.186868
136  0.187381
137  0.187897
138  0.188416
139  0.188937
140  0.189461
141  0.189987
142  0.190516
143  0.191047
144  0.191581
145  0.192117
146  0.192656
147  0.193198
148  0.193742
149  0.194289
150  0.194838
151  0.195391
152  0.195946
153  0.196503
154  0.197064
155  0.197627
156  0.198193
157  0.198761
158  0.199333
159  0.199907
160  0.200484
161  0.18458
162  0.185082
163  0.185588
164  0.186095
165  0.186605
166  0.187117
167  0.187632
168  0.18815
169  0.18867
170  0.189192
171  0.189717
172  0.190244
173  0.190774
174  0.191306
175  0.191841
176  0.192379
177  0.192919
178  0.193462
179  0.194008
180  0.194556
181  0.195107
182  0.195661
183  0.196217
184  0.196776
185  0.197337
186  0.197902
187  0.198469
188  0.199039
189  0.199612
190  0.200188
191  0.200766
192  0.201348
193  0.185328
194  0.185835
195  0.186343
196  0.186854
197  0.187368
198  0.187884
199  0.188403
200  0.188924
201  0.189447
202  0.189973
203  0.190502
204  0.191033
205  0.191567
206  0.192103
207  0.192642
208  0.193183
209  0.193728
210  0.194275
211  0.194824
212  0.195376
213  0.195931
214  0.196489
215  0.197049
216  0.197612
217  0.198178
218  0.198746
219  0.199318
220  0.199892
221  0.200469
222  0.201049
223  0.201632
224  0.202217
225  0.186082
226  0.186592
227  0.187104
228  0.187619
229  0.188136
230  0.188656
231  0.189178
232  0.189703
233  0.19023
234  0.19076
235  0.191293
236  0.191828
237  0.192365
238  0.192905
239  0.193448
240  0.193994
241  0.194542
242  0.195093
243  0.195646
244  0.196202
245  0.196761
246  0.197323
247  0.197887
248  0.198455
249  0.199024
250  0.199597
251  0.200173
252  0.200751
253  0.201332
254  0.201917
255  0.202504
256  0.203094
257  0.186841
258  0.187355
259  0.187871
260  0.188389
261  0.18891
262  0.189434
263  0.189959
264  0.190488
265  0.191019
266  0.191553
267  0.192089
268  0.192628
269  0.193169
270  0.193714
271  0.19426
272  0.19481
273  0.195362
274  0.195917
275  0.196474
276  0.197034
277  0.197597
278  0.198163
279  0.198732
280  0.199303
281  0.199877
282  0.200454
283  0.201034
284  0.201617
285  0.202202
286  0.202791
287  0.203382
288  0.203976
289  0.187606
290  0.188123
291  0.188642
292  0.189165
293  0.189689
294  0.190217
295  0.190746
296  0.191279
297  0.191814
298  0.192351
299  0.192891
300  0.193434
301  0.193979
302  0.194528
303  0.195078
304  0.195632
305  0.196188
306  0.196747
307  0.197308
308  0.197873
309  0.19844
310  0.19901
311  0.199582
312  0.200158
313  0.200736
314  0.201317
315  0.201901
316  0.202488
317  0.203078
318  0.203671
319  0.204267
320  0.204865
321  0.188376
322  0.188896
323  0.18942
324  0.189946
325  0.190474
326  0.191005
327  0.191539
328  0.192075
329  0.192614
330  0.193155
331  0.193699
332  0.194246
333  0.194795
334  0.195347
335  0.195902
336  0.19646
337  0.19702
338  0.197583
339  0.198148
340  0.198717
341  0.199288
342  0.199862
343  0.200439
344  0.201019
345  0.201601
346  0.202187
347  0.202775
348  0.203366
349  0.203961
350  0.204558
351  0.205158
352  0.205761
353  0.189151
354  0.189676
355  0.190203
356  0.190733
357  0.191265
358  0.1918
359  0.192337
360  0.192877
361  0.19342
362  0.193965
363  0.194513
364  0.195064
365  0.195617
366  0.196173
367  0.196732
368  0.197294
369  0.197858
370  0.198425
371  0.198995
372  0.199567
373  0.200143
374  0.200721
375  0.201302
376  0.201886
377  0.202473
378  0.203063
379  0.203656
380  0.204251
381  0.20485
382  0.205451
383  0.206056
384  0.206663
385  0.189932
386  0.190461
387  0.190992
388  0.191525
389  0.192061
390  0.1926
391  0.193141
392  0.193685
393  0.194232
394  0.194781
395  0.195333
396  0.195888
397  0.196445
398  0.197005
399  0.197568
400  0.198134
401  0.198702
402  0.199273
403  0.199847
404  0.200424
405  0.201004
406  0.201586
407  0.202172
408  0.20276
409  0.203351
410  0.203945
411  0.204542
412  0.205142
413  0.205745
414  0.206351
415  0.20696
416  0.207572
417  0.190719
418  0.191251
419  0.191786
420  0.192323
421  0.192863
422  0.193406
423  0.193951
424  0.194499
425  0.19505
426  0.195603
427  0.196159
428  0.196718
429  0.197279
430  0.197843
431  0.19841
432  0.19898
433  0.199553
434  0.200128
435  0.200706
436  0.201287
437  0.201871
438  0.202458
439  0.203048
440  0.20364
441  0.204236
442  0.204834
443  0.205436
444  0.20604
445  0.206648
446  0.207258
447  0.207872
448  0.208488
449  0.191511
450  0.192047
451  0.192586
452  0.193127
453  0.193671
454  0.194218
455  0.194767
456  0.195319
457  0.195873
458  0.196431
459  0.196991
460  0.197553
461  0.198119
462  0.198687
463  0.199259
464  0.199832
465  0.200409
466  0.200989
467  0.201571
468  0.202156
469  0.202745
470  0.203336
471  0.20393
472  0.204527
473  0.205127
474  0.20573
475  0.206336
476  0.206945
477  0.207557
478  0.208172
479  0.20879
480  0.209411
481  0.192309
482  0.192849
483  0.193392
484  0.193937
485  0.194485
486  0.195035
487  0.195589
488  0.196144
489  0.196703
490  0.197264
491  0.197829
492  0.198395
493  0.198965
494  0.199538
495  0.200113
496  0.200691
497  0.201272
498  0.201856
499  0.202443
500  0.203032
501  0.203625
502  0.20422
503  0.204819
504  0.20542
505  0.206024
506  0.206632
507  0.207242
508  0.207856
509  0.208472
510  0.209092
511  0.209714
512  0.21034
513  0.193113
514  0.193657
515  0.194203
516  0.194753
517  0.195304
518  0.195859
519  0.196416
520  0.196976
521  0.197539
522  0.198104
523  0.198673
524  0.199244
525  0.199817
526  0.200394
527  0.200974
528  0.201556
529  0.202141
530  0.202729
531  0.20332
532  0.203914
533  0.204511
534  0.205111
535  0.205714
536  0.20632
537  0.206929
538  0.207541
539  0.208156
540  0.208774
541  0.209395
542  0.210019
543  0.210646
544  0.211276
545  0.193923
546  0.194471
547  0.195021
548  0.195574
549  0.19613
550  0.196689
551  0.19725
552  0.197814
553  0.198381
554  0.19895
555  0.199523
556  0.200098
557  0.200676
558  0.201257
559  0.201841
560  0.202427
561  0.203017
562  0.203609
563  0.204205
564  0.204803
565  0.205404
566  0.206009
567  0.206616
568  0.207226
569  0.20784
570  0.208456
571  0.209076
572  0.209698
573  0.210324
574  0.210953
575  0.211585
576  0.21222
577  0.194738
578  0.19529
579  0.195844
580  0.196402
581  0.196962
582  0.197524
583  0.19809
584  0.198658
585  0.199229
586  0.199802
587  0.200379
588  0.200959
589  0.201541
590  0.202126
591  0.202714
592  0.203305
593  0.203899
594  0.204496
595  0.205096
596  0.205698
597  0.206304
598  0.206913
599  0.207525
600  0.20814
601  0.208757
602  0.209378
603  0.210002
604  0.21063
605  0.21126
606  0.211893
607  0.21253
608  0.21317
609  0.19556
610  0.196116
611  0.196674
612  0.197235
613  0.197799
614  0.198366
615  0.198936
616  0.199508
617  0.200083
618  0.200661
619  0.201242
620  0.201826
621  0.202412
622  0.203002
623  0.203594
624  0.204189
625  0.204788
626  0.205389
627  0.205993
628  0.2066
629  0.20721
630  0.207824
631  0.20844
632  0.209059
633  0.209682
634  0.210308
635  0.210936
636  0.211568
637  0.212203
638  0.212841
639  0.213483
640  0.214127
641  0.196387
642  0.196947
643  0.19751
644  0.198075
645  0.198643
646  0.199214
647  0.199788
648  0.200364
649  0.200944
650  0.201526
651  0.202111
652  0.202699
653  0.20329
654  0.203884
655  0.20448
656  0.20508
657  0.205683
658  0.206288
659  0.206897
660  0.207509
661  0.208123
662  0.208741
663  0.209362
664  0.209986
665  0.210613
666  0.211244
667  0.211877
668  0.212514
669  0.213153
670  0.213796
671  0.214442
672  0.215092
673  0.197221
674  0.197785
675  0.198351
676  0.198921
677  0.199493
678  0.200068
679  0.200646
680  0.201227
681  0.20181
682  0.202397
683  0.202986
684  0.203579
685  0.204174
686  0.204772
687  0.205373
688  0.205977
689  0.206584
690  0.207195
691  0.207808
692  0.208424
693  0.209043
694  0.209666
695  0.210291
696  0.21092
697  0.211552
698  0.212187
699  0.212825
700  0.213466
701  0.214111
702  0.214758
703  0.215409
704  0.216063
705  0.19806
706  0.198628
707  0.199199
708  0.199773
709  0.200349
710  0.200928
711  0.201511
712  0.202096
713  0.202684
714  0.203274
715  0.203868
716  0.204465
717  0.205064
718  0.205667
719  0.206273
720  0.206881
721  0.207493
722  0.208108
723  0.208725
724  0.209346
725  0.20997
726  0.210597
727  0.211227
728  0.21186
729  0.212497
730  0.213137
731  0.213779
732  0.214426
733  0.215075
734  0.215727
735  0.216383
736  0.217042
737  0.198906
738  0.199478
739  0.200053
740  0.200631
741  0.201212
742  0.201795
743  0.202382
744  0.202971
745  0.203563
746  0.204158
747  0.204756
748  0.205358
749  0.205962
750  0.206569
751  0.207179
752  0.207792
753  0.208408
754  0.209027
755  0.20965
756  0.210275
757  0.210904
758  0.211535
759  0.21217
760  0.212808
761  0.213449
762  0.214094
763  0.214741
764  0.215392
765  0.216046
766  0.216704
767  0.217365
768  0.218029
769  0.199758
770  0.200334
771  0.200913
772  0.201495
773  0.20208
774  0.202668
775  0.203259
776  0.203853
777  0.204449
778  0.205049
779  0.205651
780  0.206257
781  0.206865
782  0.207477
783  0.208092
784  0.208709
785  0.20933
786  0.209954
787  0.210581
788  0.211211
789  0.211844
790  0.21248
791  0.21312
792  0.213763
793  0.214409
794  0.215058
795  0.21571
796  0.216366
797  0.217025
798  0.217688
799  0.218353
800  0.219022
801  0.200616
802  0.201196
803  0.20178
804  0.202366
805  0.202956
806  0.203548
807  0.204143
808  0.204741
809  0.205342
810  0.205946
811  0.206553
812  0.207163
813  0.207776
814  0.208392
815  0.209011
816  0.209633
817  0.210259
818  0.210887
819  0.211519
820  0.212154
821  0.212791
822  0.213433
823  0.214077
824  0.214724
825  0.215375
826  0.216029
827  0.216687
828  0.217347
829  0.218011
830  0.218679
831  0.219349
832  0.220023
833  0.20148
834  0.202065
835  0.202653
836  0.203244
837  0.203837
838  0.204434
839  0.205033
840  0.205636
841  0.206241
842  0.20685
843  0.207461
844  0.208076
845  0.208693
846  0.209314
847  0.209938
848  0.210564
849  0.211194
850  0.211828
851  0.212464
852  0.213103
853  0.213746
854  0.214392
855  0.215041
856  0.215693
857  0.216349
858  0.217008
859  0.21767
860  0.218336
861  0.219005
862  0.219677
863  0.220353
864  0.221032
865  0.202351
866  0.20294
867  0.203532
868  0.204127
869  0.204725
870  0.205326
871  0.20593
872  0.206537
873  0.207147
874  0.20776
875  0.208376
876  0.208995
877  0.209617
878  0.210242
879  0.210871
880  0.211502
881  0.212137
882  0.212775
883  0.213416
884  0.21406
885  0.214708
886  0.215358
887  0.216012
888  0.21667
889  0.21733
890  0.217994
891  0.218661
892  0.219332
893  0.220006
894  0.220683
895  0.221364
896  0.222048
897  0.203228
898  0.203822
899  0.204418
900  0.205018
901  0.20562
902  0.206225
903  0.206834
904  0.207445
905  0.20806
906  0.208677
907  0.209298
908  0.209921
909  0.210548
910  0.211178
911  0.211811
912  0.212447
913  0.213087
914  0.213729
915  0.214375
916  0.215024
917  0.215676
918  0.216332
919  0.216991
920  0.217653
921  0.218319
922  0.218987
923  0.21966
924  0.220335
925  0.221014
926  0.221697
927  0.222382
928  0.223072
929  0.204112
930  0.20471
931  0.205311
932  0.205914
933  0.206521
934  0.207131
935  0.207744
936  0.20836
937  0.208979
938  0.209601
939  0.210226
940  0.210855
941  0.211486
942  0.212121
943  0.212758
944  0.213399
945  0.214043
946  0.214691
947  0.215342
948  0.215995
949  0.216653
950  0.217313
951  0.217977
952  0.218644
953  0.219314
954  0.219988
955  0.220665
956  0.221346
957  0.22203
958  0.222718
959  0.223409
960  0.224103
961  0.205002
962  0.205604
963  0.20621
964  0.206818
965  0.207429
966  0.208044
967  0.208661
968  0.209281
969  0.209905
970  0.210532
971  0.211162
972  0.211795
973  0.212431
974  0.21307
975  0.213713
976  0.214358
977  0.215007
978  0.215659
979  0.216315
980  0.216974
981  0.217636
982  0.218301
983  0.21897
984  0.219642
985  0.220318
986  0.220996
987  0.221679
988  0.222365
989  0.223054
990  0.223746
991  0.224442
992  0.225142
993  0.205899
994  0.206505
995  0.207115
996  0.207728
997  0.208344
998  0.208963
999  0.209585
1000  0.21021
1001  0.210838
1002  0.211469
1003  0.212104
1004  0.212742
1005  0.213383
1006  0.214027
1007  0.214674
1008  0.215325
1009  0.215978
1010  0.216635
1011  0.217296
1012  0.217959
1013  0.218627
1014  0.219297
1015  0.219971
1016  0.220648
1017  0.221328
1018  0.222012
1019  0.2227
1020  0.223391
1021  0.224085
1022  0.224783
1023  0.225484
1024  0.226189
1025  0.206802
1026  0.207413
1027  0.208028
1028  0.208645
1029  0.209265
1030  0.209889
1031  0.210516
1032  0.211145
1033  0.211778
1034  0.212414
1035  0.213053
1036  0.213696
1037  0.214342
1038  0.214991
1039  0.215643
1040  0.216298
1041  0.216957
1042  0.217619
1043  0.218284
1044  0.218953
1045  0.219625
1046  0.2203
1047  0.220979
1048  0.221661
1049  0.222347
1050  0.223036
1051  0.223728
1052  0.224424
1053  0.225124
1054  0.225827
1055  0.226534
1056  0.227244
1057  0.207712
1058  0.208328
1059  0.208947
1060  0.209569
1061  0.210194
1062  0.210822
1063  0.211453
1064  0.212087
1065  0.212725
1066  0.213366
1067  0.21401
1068  0.214657
1069  0.215308
1070  0.215961
1071  0.216618
1072  0.217279
1073  0.217942
1074  0.218609
1075  0.21928
1076  0.219953
1077  0.22063
1078  0.221311
1079  0.221995
1080  0.222682
1081  0.223373
1082  0.224067
1083  0.224765
1084  0.225466
1085  0.226171
1086  0.226879
1087  0.227591
1088  0.228306
1089  0.208629
1090  0.209249
1091  0.209873
1092  0.210499
1093  0.211129
1094  0.211762
1095  0.212398
1096  0.213037
1097  0.213679
1098  0.214325
1099  0.214973
1100  0.215626
1101  0.216281
1102  0.21694
1103  0.217601
1104  0.218267
1105  0.218935
1106  0.219607
1107  0.220283
1108  0.220961
1109  0.221643
1110  0.222329
1111  0.223018
1112  0.22371
1113  0.224406
1114  0.225106
1115  0.225809
1116  0.226515
1117  0.227225
1118  0.227939
1119  0.228656
1120  0.229377
1121  0.209552
1122  0.210177
1123  0.210805
1124  0.211437
1125  0.212071
1126  0.212709
1127  0.213349
1128  0.213993
1129  0.21464
1130  0.215291
1131  0.215944
1132  0.216601
1133  0.217261
1134  0.217925
1135  0.218592
1136  0.219262
1137  0.219936
1138  0.220613
1139  0.221293
1140  0.221977
1141  0.222664
1142  0.223355
1143  0.224049
1144  0.224746
1145  0.225448
1146  0.226152
1147  0.22686
1148  0.227572
1149  0.228288
1150  0.229007
1151  0.229729
1152  0.230455
1153  0.210483
1154  0.211113
1155  0.211745
1156  0.212381
1157  0.21302
1158  0.213662
1159  0.214308
1160  0.214957
1161  0.215609
1162  0.216264
1163  0.216922
1164  0.217584
1165  0.218249
1166  0.218918
1167  0.21959
1168  0.220265
1169  0.220943
1170  0.221626
1171  0.222311
1172  0.223
1173  0.223692
1174  0.224388
1175  0.225088
1176  0.22579
1177  0.226497
1178  0.227207
1179  0.22792
1180  0.228637
1181  0.229358
1182  0.230082
1183  0.230811
1184  0.231542
1185  0.21142
1186  0.212055
1187  0.212692
1188  0.213333
1189  0.213976
1190  0.214623
1191  0.215274
1192  0.215927
1193  0.216584
1194  0.217244
1195  0.217908
1196  0.218575
1197  0.219245
1198  0.219918
1199  0.220595
1200  0.221275
1201  0.221959
1202  0.222646
1203  0.223337
1204  0.224031
1205  0.224728
1206  0.225429
1207  0.226134
1208  0.226842
1209  0.227554
1210  0.228269
1211  0.228988
1212  0.22971
1213  0.230437
1214  0.231166
1215  0.2319
1216  0.232637
1217  0.212365
1218  0.213004
1219  0.213646
1220  0.214291
1221  0.21494
1222  0.215592
1223  0.216247
1224  0.216905
1225  0.217567
1226  0.218232
1227  0.218901
1228  0.219572
1229  0.220247
1230  0.220926
1231  0.221608
1232  0.222293
1233  0.222982
1234  0.223674
1235  0.22437
1236  0.225069
1237  0.225772
1238  0.226478
1239  0.227188
1240  0.227902
1241  0.228619
1242  0.229339
1243  0.230064
1244  0.230792
1245  0.231523
1246  0.232258
1247  0.232997
1248  0.23374
1249  0.213316
1250  0.21396
1251  0.214607
1252  0.215257
1253  0.21591
1254  0.216567
1255  0.217227
1256  0.21789
1257  0.218557
1258  0.219227
1259  0.219901
1260  0.220577
1261  0.221258
1262  0.221941
1263  0.222628
1264  0.223319
1265  0.224013
1266  0.22471
1267  0.225411
1268  0.226116
1269  0.226824
1270  0.227535
1271  0.228251
1272  0.228969
1273  0.229692
1274  0.230418
1275  0.231147
1276  0.231881
1277  0.232618
1278  0.233359
1279  0.234103
1280  0.234851
1281  0.214274
1282  0.214923
1283  0.215575
1284  0.21623
1285  0.216888
1286  0.21755
1287  0.218215
1288  0.218883
1289  0.219555
1290  0.22023
1291  0.220908
1292  0.22159
1293  0.222275
1294  0.222964
1295  0.223656
1296  0.224352
1297  0.225051
1298  0.225754
1299  0.22646
1300  0.22717
1301  0.227883
1302  0.2286
1303  0.229321
1304  0.230045
1305  0.230773
1306  0.231504
1307  0.232239
1308  0.232978
1309  0.233721
1310  0.234467
1311  0.235217
1312  0.235971
1313  0.21524
1314  0.215893
1315  0.21655
1316  0.21721
1317  0.217873
1318  0.21854
1319  0.21921
1320  0.219883
1321  0.22056
1322  0.22124
1323  0.221923
1324  0.22261
1325  0.223301
1326  0.223995
1327  0.224692
1328  0.225393
1329  0.226097
1330  0.226805
1331  0.227517
1332  0.228232
1333  0.228951
1334  0.229673
1335  0.230399
1336  0.231128
1337  0.231862
1338  0.232599
1339  0.233339
1340  0.234084
1341  0.234832
1342  0.235584
1343  0.236339
1344  0.237099
1345  0.216213
1346  0.216871
1347  0.217533
1348  0.218197
1349  0.218866
1350  0.219537
1351  0.220212
1352  0.220891
1353  0.221572
1354  0.222258
1355  0.222946
1356  0.223638
1357  0.224334
1358  0.225033
1359  0.225736
1360  0.226442
1361  0.227151
1362  0.227865
1363  0.228581
1364  0.229302
1365  0.230026
1366  0.230754
1367  0.231485
1368  0.23222
1369  0.232959
1370  0.233701
1371  0.234447
1372  0.235197
1373  0.235951
1374  0.236709
1375  0.23747
1376  0.238235
1377  0.217193
1378  0.217856
1379  0.218522
1380  0.219192
1381  0.219866
1382  0.220542
1383  0.221222
1384  0.221906
1385  0.222593
1386  0.223283
1387  0.223977
1388  0.224674
1389  0.225375
1390  0.226079
1391  0.226787
1392  0.227498
1393  0.228213
1394  0.228932
1395  0.229654
1396  0.23038
1397  0.231109
1398  0.231843
1399  0.232579
1400  0.23332
1401  0.234064
1402  0.234812
1403  0.235564
1404  0.23632
1405  0.237079
1406  0.237842
1407  0.238609
1408  0.23938
1409  0.21818
1410  0.218848
1411  0.21952
1412  0.220195
1413  0.220873
1414  0.221555
1415  0.22224
1416  0.222928
1417  0.22362
1418  0.224316
1419  0.225015
1420  0.225717
1421  0.226423
1422  0.227133
1423  0.227846
1424  0.228563
1425  0.229283
1426  0.230007
1427  0.230735
1428  0.231466
1429  0.232201
1430  0.23294
1431  0.233682
1432  0.234428
1433  0.235178
1434  0.235932
1435  0.236689
1436  0.23745
1437  0.238215
1438  0.238984
1439  0.239757
1440  0.240533
