1  0.283469
2  0.284206
3  0.284947
4  0.285691
5  0.286438
6  0.287189
7  0.287943
8  0.288701
9  0.289462
10  0.290227
11  0.290995
12  0.291767
13  0.292543
14  0.293322
15  0.294105
16  0.294891
17  0.295681
18  0.296475
19  0.297273
20  0.298074
21  0.298879
22  0.299688
23  0.3005
24  0.301317
25  0.302137
26  0.302961
27  0.303789
28  0.304621
29  0.305457
30  0.306297
31  0.307141
32  0.307989
33  0.284567
34  0.285309
35  0.286054
36  0.286803
37  0.287556
38  0.288312
39  0.289071
40  0.289834
41  0.290601
42  0.291371
43  0.292145
44  0.292922
45  0.293703
46  0.294487
47  0.295275
48  0.296067
49  0.296863
50  0.297662
51  0.298466
52  0.299272
53  0.300083
54  0.300898
55  0.301716
56  0.302538
57  0.303364
58  0.304194
59  0.305028
60  0.305866
61  0.306708
62  0.307553
63  0.308403
64  0.309257
65  0.285672
66  0.286419
67  0.287169
68  0.287924
69  0.288681
70  0.289442
71  0.290207
72  0.290975
73  0.291747
74  0.292523
75  0.293302
76  0.294084
77  0.294871
78  0.295661
79  0.296454
80  0.297252
81  0.298053
82  0.298858
83  0.299667
84  0.300479
85  0.301296
86  0.302116
87  0.30294
88  0.303768
89  0.3046
90  0.305435
91  0.306275
92  0.307119
93  0.307967
94  0.308818
95  0.309674
96  0.310534
97  0.286784
98  0.287536
99  0.288292
100  0.289052
101  0.289815
102  0.290581
103  0.291351
104  0.292125
105  0.292902
106  0.293683
107  0.294467
108  0.295255
109  0.296047
110  0.296842
111  0.297641
112  0.298444
113  0.299251
114  0.300062
115  0.300876
116  0.301695
117  0.302517
118  0.303343
119  0.304172
120  0.305006
121  0.305844
122  0.306686
123  0.307531
124  0.308381
125  0.309235
126  0.310092
127  0.310954
128  0.31182
129  0.287904
130  0.288662
131  0.289423
132  0.290187
133  0.290955
134  0.291727
135  0.292502
136  0.293281
137  0.294064
138  0.29485
139  0.29564
140  0.296434
141  0.297231
142  0.298032
143  0.298837
144  0.299646
145  0.300458
146  0.301274
147  0.302095
148  0.302918
149  0.303746
150  0.304578
151  0.305414
152  0.306253
153  0.307097
154  0.307944
155  0.308796
156  0.309652
157  0.310512
158  0.311375
159  0.312243
160  0.313115
161  0.289032
162  0.289794
163  0.290561
164  0.291331
165  0.292104
166  0.292881
167  0.293662
168  0.294447
169  0.295235
170  0.296026
171  0.296822
172  0.297621
173  0.298424
174  0.29923
175  0.300041
176  0.300855
177  0.301673
178  0.302495
179  0.303321
180  0.304151
181  0.304984
182  0.305822
183  0.306664
184  0.307509
185  0.308359
186  0.309212
187  0.31007
188  0.310932
189  0.311798
190  0.312668
191  0.313542
192  0.31442
193  0.290167
194  0.290936
195  0.291707
196  0.292482
197  0.293261
198  0.294044
199  0.29483
200  0.29562
201  0.296413
202  0.29721
203  0.298011
204  0.298816
205  0.299625
206  0.300437
207  0.301253
208  0.302073
209  0.302897
210  0.303725
211  0.304556
212  0.305392
213  0.306231
214  0.307075
215  0.307922
216  0.308774
217  0.30963
218  0.310489
219  0.311353
220  0.312221
221  0.313093
222  0.313969
223  0.314849
224  0.315734
225  0.291311
226  0.292084
227  0.292861
228  0.293642
229  0.294426
230  0.295214
231  0.296006
232  0.296801
233  0.2976
234  0.298403
235  0.29921
236  0.30002
237  0.300834
238  0.301652
239  0.302474
240  0.3033
241  0.304129
242  0.304963
243  0.3058
244  0.306642
245  0.307487
246  0.308337
247  0.30919
248  0.310048
249  0.310909
250  0.311775
251  0.312645
252  0.313519
253  0.314397
254  0.31528
255  0.316166
256  0.317057
257  0.292462
258  0.293241
259  0.294023
260  0.294809
261  0.295599
262  0.296393
263  0.29719
264  0.297991
265  0.298795
266  0.299604
267  0.300416
268  0.301232
269  0.302052
270  0.302876
271  0.303703
272  0.304535
273  0.30537
274  0.30621
275  0.307053
276  0.3079
277  0.308752
278  0.309607
279  0.310467
280  0.31133
281  0.312198
282  0.31307
283  0.313946
284  0.314826
285  0.315711
286  0.316599
287  0.317492
288  0.318389
289  0.293621
290  0.294406
291  0.295193
292  0.295985
293  0.29678
294  0.297579
295  0.298382
296  0.299188
297  0.299999
298  0.300813
299  0.301631
300  0.302452
301  0.303278
302  0.304108
303  0.304941
304  0.305779
305  0.30662
306  0.307465
307  0.308315
308  0.309168
309  0.310025
310  0.310887
311  0.311753
312  0.312622
313  0.313496
314  0.314374
315  0.315257
316  0.316143
317  0.317034
318  0.317929
319  0.318828
320  0.319731
321  0.294789
322  0.295579
323  0.296372
324  0.297169
325  0.29797
326  0.298774
327  0.299583
328  0.300395
329  0.301211
330  0.30203
331  0.302854
332  0.303682
333  0.304513
334  0.305348
335  0.306188
336  0.307031
337  0.307878
338  0.30873
339  0.309585
340  0.310445
341  0.311308
342  0.312176
343  0.313047
344  0.313923
345  0.314803
346  0.315688
347  0.316576
348  0.317469
349  0.318366
350  0.319267
351  0.320173
352  0.321083
353  0.295964
354  0.29676
355  0.297559
356  0.298361
357  0.299167
358  0.299978
359  0.300791
360  0.301609
361  0.302431
362  0.303256
363  0.304086
364  0.304919
365  0.305757
366  0.306598
367  0.307443
368  0.308292
369  0.309146
370  0.310003
371  0.310864
372  0.31173
373  0.3126
374  0.313474
375  0.314352
376  0.315234
377  0.31612
378  0.31701
379  0.317905
380  0.318805
381  0.319708
382  0.320616
383  0.321528
384  0.322444
385  0.297148
386  0.297949
387  0.298753
388  0.299561
389  0.300373
390  0.301189
391  0.302009
392  0.302833
393  0.30366
394  0.304491
395  0.305327
396  0.306166
397  0.307009
398  0.307856
399  0.308708
400  0.309563
401  0.310422
402  0.311286
403  0.312153
404  0.313025
405  0.313901
406  0.314781
407  0.315665
408  0.316553
409  0.317446
410  0.318343
411  0.319244
412  0.32015
413  0.321059
414  0.321974
415  0.322892
416  0.323815
417  0.29834
418  0.299147
419  0.299957
420  0.300771
421  0.301588
422  0.30241
423  0.303235
424  0.304064
425  0.304898
426  0.305735
427  0.306576
428  0.307421
429  0.30827
430  0.309124
431  0.309981
432  0.310842
433  0.311708
434  0.312577
435  0.313451
436  0.314329
437  0.315211
438  0.316097
439  0.316988
440  0.317882
441  0.318781
442  0.319684
443  0.320592
444  0.321504
445  0.322421
446  0.323341
447  0.324267
448  0.325196
449  0.29954
450  0.300352
451  0.301168
452  0.301988
453  0.302811
454  0.303638
455  0.30447
456  0.305305
457  0.306144
458  0.306987
459  0.307834
460  0.308685
461  0.30954
462  0.3104
463  0.311263
464  0.312131
465  0.313002
466  0.313878
467  0.314758
468  0.315642
469  0.31653
470  0.317423
471  0.318319
472  0.319221
473  0.320126
474  0.321036
475  0.32195
476  0.322869
477  0.323791
478  0.324719
479  0.325651
480  0.326587
481  0.300749
482  0.301567
483  0.302388
484  0.303214
485  0.304043
486  0.304876
487  0.305713
488  0.306554
489  0.307399
490  0.308248
491  0.309101
492  0.309958
493  0.31082
494  0.311685
495  0.312555
496  0.313428
497  0.314306
498  0.315188
499  0.316074
500  0.316964
501  0.317859
502  0.318758
503  0.319661
504  0.320569
505  0.321481
506  0.322397
507  0.323318
508  0.324242
509  0.325172
510  0.326106
511  0.327044
512  0.327988
513  0.301966
514  0.30279
515  0.303617
516  0.304448
517  0.305283
518  0.306122
519  0.306965
520  0.307812
521  0.308663
522  0.309518
523  0.310378
524  0.311241
525  0.312108
526  0.312979
527  0.313855
528  0.314735
529  0.315619
530  0.316507
531  0.3174
532  0.318296
533  0.319197
534  0.320102
535  0.321012
536  0.321926
537  0.322845
538  0.323767
539  0.324695
540  0.325626
541  0.326563
542  0.327503
543  0.328449
544  0.329398
545  0.303192
546  0.304021
547  0.304854
548  0.305691
549  0.306532
550  0.307377
551  0.308226
552  0.309079
553  0.309936
554  0.310797
555  0.311662
556  0.312532
557  0.313405
558  0.314283
559  0.315165
560  0.316051
561  0.316941
562  0.317836
563  0.318734
564  0.319637
565  0.320545
566  0.321457
567  0.322373
568  0.323293
569  0.324218
570  0.325148
571  0.326082
572  0.32702
573  0.327963
574  0.32891
575  0.329863
576  0.330819
577  0.304427
578  0.305261
579  0.3061
580  0.306943
581  0.30779
582  0.308641
583  0.309496
584  0.310355
585  0.311218
586  0.312085
587  0.312957
588  0.313832
589  0.314712
590  0.315596
591  0.316484
592  0.317376
593  0.318273
594  0.319174
595  0.320079
596  0.320989
597  0.321902
598  0.322821
599  0.323743
600  0.324671
601  0.325602
602  0.326538
603  0.327479
604  0.328424
605  0.329374
606  0.330328
607  0.331287
608  0.33225
609  0.30567
610  0.30651
611  0.307355
612  0.308204
613  0.309057
614  0.309914
615  0.310775
616  0.31164
617  0.312509
618  0.313383
619  0.31426
620  0.315142
621  0.316028
622  0.316918
623  0.317812
624  0.318711
625  0.319614
626  0.320521
627  0.321433
628  0.322349
629  0.323269
630  0.324194
631  0.325124
632  0.326057
633  0.326996
634  0.327939
635  0.328886
636  0.329838
637  0.330794
638  0.331755
639  0.332721
640  0.333691
641  0.306922
642  0.307768
643  0.308619
644  0.309474
645  0.310333
646  0.311196
647  0.312063
648  0.312934
649  0.31381
650  0.314689
651  0.315573
652  0.316461
653  0.317353
654  0.318249
655  0.31915
656  0.320055
657  0.320965
658  0.321879
659  0.322797
660  0.323719
661  0.324646
662  0.325578
663  0.326514
664  0.327454
665  0.328399
666  0.329349
667  0.330303
668  0.331262
669  0.332225
670  0.333193
671  0.334166
672  0.335143
673  0.308182
674  0.309035
675  0.309892
676  0.310753
677  0.311618
678  0.312487
679  0.31336
680  0.314237
681  0.315119
682  0.316005
683  0.316895
684  0.317789
685  0.318688
686  0.319591
687  0.320498
688  0.321409
689  0.322325
690  0.323246
691  0.32417
692  0.3251
693  0.326033
694  0.326971
695  0.327914
696  0.328861
697  0.329813
698  0.330769
699  0.33173
700  0.332696
701  0.333666
702  0.334641
703  0.335621
704  0.336605
705  0.309452
706  0.31031
707  0.311173
708  0.31204
709  0.312911
710  0.313787
711  0.314666
712  0.31555
713  0.316438
714  0.31733
715  0.318226
716  0.319127
717  0.320032
718  0.320941
719  0.321855
720  0.322773
721  0.323696
722  0.324622
723  0.325554
724  0.32649
725  0.32743
726  0.328375
727  0.329324
728  0.330278
729  0.331237
730  0.3322
731  0.333168
732  0.33414
733  0.335118
734  0.3361
735  0.337086
736  0.338078
737  0.31073
738  0.311595
739  0.312464
740  0.313337
741  0.314215
742  0.315096
743  0.315982
744  0.316872
745  0.317766
746  0.318664
747  0.319567
748  0.320474
749  0.321386
750  0.322301
751  0.323222
752  0.324146
753  0.325075
754  0.326009
755  0.326947
756  0.32789
757  0.328837
758  0.329788
759  0.330745
760  0.331705
761  0.332671
762  0.333641
763  0.334616
764  0.335595
765  0.336579
766  0.337568
767  0.338562
768  0.339561
769  0.312018
770  0.312889
771  0.313764
772  0.314643
773  0.315527
774  0.316415
775  0.317307
776  0.318203
777  0.319103
778  0.320008
779  0.320918
780  0.321831
781  0.322749
782  0.323671
783  0.324598
784  0.325529
785  0.326465
786  0.327405
787  0.32835
788  0.329299
789  0.330253
790  0.331212
791  0.332175
792  0.333143
793  0.334115
794  0.335092
795  0.336074
796  0.337061
797  0.338052
798  0.339048
799  0.340049
800  0.341055
801  0.313314
802  0.314192
803  0.315073
804  0.315959
805  0.316849
806  0.317743
807  0.318641
808  0.319544
809  0.320451
810  0.321362
811  0.322278
812  0.323198
813  0.324122
814  0.325051
815  0.325985
816  0.326923
817  0.327865
818  0.328812
819  0.329763
820  0.33072
821  0.33168
822  0.332646
823  0.333616
824  0.33459
825  0.33557
826  0.336554
827  0.337543
828  0.338536
829  0.339535
830  0.340538
831  0.341546
832  0.342559
833  0.31462
834  0.315504
835  0.316391
836  0.317283
837  0.31818
838  0.31908
839  0.319985
840  0.320894
841  0.321807
842  0.322725
843  0.323648
844  0.324574
845  0.325505
846  0.326441
847  0.327381
848  0.328326
849  0.329275
850  0.330229
851  0.331187
852  0.33215
853  0.333118
854  0.33409
855  0.335067
856  0.336049
857  0.337035
858  0.338026
859  0.339022
860  0.340023
861  0.341028
862  0.342039
863  0.343054
864  0.344074
865  0.315936
866  0.316825
867  0.317719
868  0.318618
869  0.31952
870  0.320427
871  0.321338
872  0.322254
873  0.323174
874  0.324098
875  0.325027
876  0.32596
877  0.326898
878  0.327841
879  0.328787
880  0.329739
881  0.330695
882  0.331655
883  0.332621
884  0.333591
885  0.334565
886  0.335544
887  0.336528
888  0.337517
889  0.33851
890  0.339509
891  0.340512
892  0.34152
893  0.342533
894  0.343551
895  0.344573
896  0.345601
897  0.31726
898  0.318156
899  0.319057
900  0.319961
901  0.32087
902  0.321784
903  0.322701
904  0.323624
905  0.32455
906  0.325481
907  0.326417
908  0.327356
909  0.328301
910  0.32925
911  0.330204
912  0.331162
913  0.332125
914  0.333092
915  0.334065
916  0.335041
917  0.336023
918  0.337009
919  0.338
920  0.338996
921  0.339997
922  0.341002
923  0.342013
924  0.343028
925  0.344048
926  0.345073
927  0.346103
928  0.347138
929  0.318594
930  0.319497
931  0.320403
932  0.321314
933  0.32223
934  0.32315
935  0.324074
936  0.325003
937  0.325936
938  0.326874
939  0.327816
940  0.328763
941  0.329714
942  0.33067
943  0.33163
944  0.332595
945  0.333565
946  0.33454
947  0.335519
948  0.336503
949  0.337491
950  0.338485
951  0.339483
952  0.340486
953  0.341494
954  0.342507
955  0.343524
956  0.344547
957  0.345574
958  0.346607
959  0.347644
960  0.348686
961  0.319938
962  0.320847
963  0.32176
964  0.322677
965  0.323599
966  0.324526
967  0.325457
968  0.326392
969  0.327332
970  0.328276
971  0.329226
972  0.330179
973  0.331137
974  0.3321
975  0.333067
976  0.334039
977  0.335016
978  0.335997
979  0.336984
980  0.337975
981  0.33897
982  0.339971
983  0.340976
984  0.341986
985  0.343002
986  0.344021
987  0.345046
988  0.346076
989  0.347111
990  0.348151
991  0.349196
992  0.350246
993  0.321291
994  0.322206
995  0.323126
996  0.32405
997  0.324979
998  0.325912
999  0.326849
1000  0.327791
1001  0.328738
1002  0.329689
1003  0.330645
1004  0.331605
1005  0.33257
1006  0.33354
1007  0.334514
1008  0.335493
1009  0.336477
1010  0.337466
1011  0.338459
1012  0.339457
1013  0.34046
1014  0.341468
1015  0.34248
1016  0.343498
1017  0.34452
1018  0.345547
1019  0.34658
1020  0.347617
1021  0.348659
1022  0.349707
1023  0.350759
1024  0.351816
1025  0.322654
1026  0.323576
1027  0.324502
1028  0.325433
1029  0.326368
1030  0.327308
1031  0.328252
1032  0.329201
1033  0.330154
1034  0.331112
1035  0.332075
1036  0.333042
1037  0.334014
1038  0.334991
1039  0.335972
1040  0.336958
1041  0.337949
1042  0.338944
1043  0.339945
1044  0.34095
1045  0.34196
1046  0.342975
1047  0.343995
1048  0.34502
1049  0.34605
1050  0.347084
1051  0.348124
1052  0.349169
1053  0.350219
1054  0.351273
1055  0.352333
1056  0.353399
1057  0.324026
1058  0.324955
1059  0.325888
1060  0.326825
1061  0.327767
1062  0.328713
1063  0.329664
1064  0.33062
1065  0.33158
1066  0.332545
1067  0.333515
1068  0.334489
1069  0.335468
1070  0.336452
1071  0.33744
1072  0.338433
1073  0.339431
1074  0.340434
1075  0.341441
1076  0.342454
1077  0.343471
1078  0.344493
1079  0.345521
1080  0.346553
1081  0.34759
1082  0.348632
1083  0.349679
1084  0.350732
1085  0.351789
1086  0.352851
1087  0.353919
1088  0.354992
1089  0.325408
1090  0.326344
1091  0.327283
1092  0.328227
1093  0.329176
1094  0.330129
1095  0.331087
1096  0.33205
1097  0.333017
1098  0.333989
1099  0.334965
1100  0.335946
1101  0.336932
1102  0.337923
1103  0.338919
1104  0.339919
1105  0.340924
1106  0.341934
1107  0.342949
1108  0.343968
1109  0.344993
1110  0.346023
1111  0.347057
1112  0.348097
1113  0.349142
1114  0.350191
1115  0.351246
1116  0.352306
1117  0.353371
1118  0.354441
1119  0.355516
1120  0.356596
1121  0.326801
1122  0.327742
1123  0.328689
1124  0.32964
1125  0.330595
1126  0.331555
1127  0.33252
1128  0.33349
1129  0.334464
1130  0.335443
1131  0.336426
1132  0.337414
1133  0.338407
1134  0.339405
1135  0.340408
1136  0.341415
1137  0.342427
1138  0.343445
1139  0.344467
1140  0.345494
1141  0.346526
1142  0.347563
1143  0.348605
1144  0.349652
1145  0.350704
1146  0.351761
1147  0.352824
1148  0.353891
1149  0.354964
1150  0.356042
1151  0.357125
1152  0.358213
1153  0.328203
1154  0.329151
1155  0.330105
1156  0.331062
1157  0.332025
1158  0.332992
1159  0.333963
1160  0.33494
1161  0.335921
1162  0.336907
1163  0.337897
1164  0.338892
1165  0.339893
1166  0.340898
1167  0.341908
1168  0.342922
1169  0.343942
1170  0.344966
1171  0.345996
1172  0.34703
1173  0.34807
1174  0.349115
1175  0.350164
1176  0.351218
1177  0.352278
1178  0.353343
1179  0.354413
1180  0.355488
1181  0.356568
1182  0.357654
1183  0.358745
1184  0.359841
1185  0.329615
1186  0.33057
1187  0.33153
1188  0.332495
1189  0.333464
1190  0.334438
1191  0.335417
1192  0.3364
1193  0.337388
1194  0.338381
1195  0.339379
1196  0.340382
1197  0.341389
1198  0.342401
1199  0.343418
1200  0.34444
1201  0.345467
1202  0.346499
1203  0.347536
1204  0.348578
1205  0.349625
1206  0.350677
1207  0.351734
1208  0.352796
1209  0.353863
1210  0.354936
1211  0.356014
1212  0.357096
1213  0.358184
1214  0.359278
1215  0.360376
1216  0.36148
1217  0.331037
1218  0.332
1219  0.332967
1220  0.333938
1221  0.334914
1222  0.335895
1223  0.336881
1224  0.337871
1225  0.338867
1226  0.339867
1227  0.340872
1228  0.341881
1229  0.342896
1230  0.343915
1231  0.34494
1232  0.345969
1233  0.347003
1234  0.348043
1235  0.349087
1236  0.350137
1237  0.351191
1238  0.352251
1239  0.353315
1240  0.354385
1241  0.35546
1242  0.35654
1243  0.357626
1244  0.358716
1245  0.359812
1246  0.360913
1247  0.36202
1248  0.363131
1249  0.33247
1250  0.333439
1251  0.334413
1252  0.335391
1253  0.336375
1254  0.337363
1255  0.338356
1256  0.339353
1257  0.340356
1258  0.341363
1259  0.342375
1260  0.343392
1261  0.344414
1262  0.345441
1263  0.346472
1264  0.347509
1265  0.348551
1266  0.349598
1267  0.35065
1268  0.351707
1269  0.352768
1270  0.353836
1271  0.354908
1272  0.355986
1273  0.357068
1274  0.358156
1275  0.359249
1276  0.360348
1277  0.361451
1278  0.36256
1279  0.363675
1280  0.364794
1281  0.333913
1282  0.334889
1283  0.33587
1284  0.336855
1285  0.337846
1286  0.338841
1287  0.339841
1288  0.340845
1289  0.341855
1290  0.342869
1291  0.343889
1292  0.344913
1293  0.345942
1294  0.346977
1295  0.348016
1296  0.34906
1297  0.350109
1298  0.351164
1299  0.352223
1300  0.353288
1301  0.354357
1302  0.355432
1303  0.356512
1304  0.357597
1305  0.358688
1306  0.359784
1307  0.360884
1308  0.361991
1309  0.363102
1310  0.364219
1311  0.365342
1312  0.366469
1313  0.335366
1314  0.336349
1315  0.337337
1316  0.33833
1317  0.339327
1318  0.340329
1319  0.341337
1320  0.342349
1321  0.343365
1322  0.344387
1323  0.345414
1324  0.346446
1325  0.347482
1326  0.348524
1327  0.34957
1328  0.350622
1329  0.351679
1330  0.352741
1331  0.353808
1332  0.35488
1333  0.355957
1334  0.35704
1335  0.358128
1336  0.359221
1337  0.360319
1338  0.361423
1339  0.362531
1340  0.363646
1341  0.364765
1342  0.36589
1343  0.36702
1344  0.368156
1345  0.33683
1346  0.33782
1347  0.338815
1348  0.339815
1349  0.340819
1350  0.341829
1351  0.342843
1352  0.343862
1353  0.344887
1354  0.345916
1355  0.34695
1356  0.347989
1357  0.349033
1358  0.350082
1359  0.351136
1360  0.352195
1361  0.35326
1362  0.354329
1363  0.355404
1364  0.356484
1365  0.357569
1366  0.35866
1367  0.359755
1368  0.360856
1369  0.361962
1370  0.363073
1371  0.36419
1372  0.365312
1373  0.36644
1374  0.367573
1375  0.368711
1376  0.369855
1377  0.338304
1378  0.339301
1379  0.340303
1380  0.34131
1381  0.342322
1382  0.343339
1383  0.344361
1384  0.345387
1385  0.346419
1386  0.347455
1387  0.348497
1388  0.349543
1389  0.350595
1390  0.351652
1391  0.352713
1392  0.35378
1393  0.354852
1394  0.355929
1395  0.357012
1396  0.3581
1397  0.359192
1398  0.360291
1399  0.361394
1400  0.362503
1401  0.363617
1402  0.364736
1403  0.365861
1404  0.366991
1405  0.368127
1406  0.369268
1407  0.370414
1408  0.371566
1409  0.339789
1410  0.340793
1411  0.341802
1412  0.342817
1413  0.343836
1414  0.34486
1415  0.345889
1416  0.346923
1417  0.347962
1418  0.349006
1419  0.350055
1420  0.351109
1421  0.352168
1422  0.353232
1423  0.354302
1424  0.355376
1425  0.356456
1426  0.357541
1427  0.358631
1428  0.359727
1429  0.360827
1430  0.361933
1431  0.363045
1432  0.364161
1433  0.365283
1434  0.366411
1435  0.367543
1436  0.368682
1437  0.369825
1438  0.370974
1439  0.372129
1440  0.373289
