1  0.0172911
2  0.0173376
3  0.0173843
4  0.0174312
5  0.0174784
6  0.0175258
7  0.0175733
8  0.0176211
9  0.0176691
10  0.0177173
11  0.0177657
12  0.0178144
13  0.0178632
14  0.0179123
15  0.0179616
16  0.0180112
17  0.0180609
18  0.0181109
19  0.0181611
20  0.0182115
21  0.0182621
22  0.018313
23  0.0183641
24  0.0184155
25  0.018467
26  0.0185188
27  0.0185709
28  0.0186231
29  0.0186756
30  0.0187284
31  0.0187813
32  0.0188346
33  0.0173603
34  0.0174071
35  0.0174542
36  0.0175014
37  0.0175489
38  0.0175966
39  0.0176445
40  0.0176926
41  0.0177409
42  0.0177894
43  0.0178382
44  0.0178871
45  0.0179363
46  0.0179857
47  0.0180354
48  0.0180852
49  0.0181353
50  0.0181856
51  0.0182361
52  0.0182869
53  0.0183379
54  0.0183891
55  0.0184405
56  0.0184922
57  0.0185441
58  0.0185963
59  0.0186487
60  0.0187013
61  0.0187541
62  0.0188072
63  0.0188606
64  0.0189141
65  0.01743
66  0.0174772
67  0.0175245
68  0.0175721
69  0.0176199
70  0.0176679
71  0.0177161
72  0.0177645
73  0.0178131
74  0.017862
75  0.0179111
76  0.0179604
77  0.0180099
78  0.0180596
79  0.0181096
80  0.0181598
81  0.0182102
82  0.0182608
83  0.0183117
84  0.0183628
85  0.0184141
86  0.0184657
87  0.0185175
88  0.0185695
89  0.0186218
90  0.0186743
91  0.018727
92  0.01878
93  0.0188332
94  0.0188866
95  0.0189403
96  0.0189943
97  0.0175002
98  0.0175477
99  0.0175953
100  0.0176432
101  0.0176913
102  0.0177396
103  0.0177881
104  0.0178369
105  0.0178859
106  0.017935
107  0.0179844
108  0.0180341
109  0.0180839
110  0.018134
111  0.0181843
112  0.0182348
113  0.0182856
114  0.0183365
115  0.0183878
116  0.0184392
117  0.0184909
118  0.0185428
119  0.0185949
120  0.0186473
121  0.0186999
122  0.0187528
123  0.0188059
124  0.0188592
125  0.0189127
126  0.0189666
127  0.0190206
128  0.0190749
129  0.0175708
130  0.0176186
131  0.0176666
132  0.0177148
133  0.0177632
134  0.0178119
135  0.0178607
136  0.0179098
137  0.0179591
138  0.0180086
139  0.0180583
140  0.0181083
141  0.0181585
142  0.0182089
143  0.0182595
144  0.0183104
145  0.0183615
146  0.0184128
147  0.0184643
148  0.0185161
149  0.0185681
150  0.0186204
151  0.0186729
152  0.0187256
153  0.0187786
154  0.0188318
155  0.0188852
156  0.0189389
157  0.0189929
158  0.019047
159  0.0191014
160  0.0191561
161  0.017642
162  0.0176901
163  0.0177384
164  0.0177869
165  0.0178356
166  0.0178846
167  0.0179338
168  0.0179832
169  0.0180328
170  0.0180826
171  0.0181327
172  0.018183
173  0.0182335
174  0.0182842
175  0.0183352
176  0.0183864
177  0.0184379
178  0.0184895
179  0.0185414
180  0.0185936
181  0.0186459
182  0.0186985
183  0.0187514
184  0.0188045
185  0.0188578
186  0.0189114
187  0.0189652
188  0.0190192
189  0.0190735
190  0.019128
191  0.0191828
192  0.0192379
193  0.0177136
194  0.017762
195  0.0178106
196  0.0178594
197  0.0179085
198  0.0179578
199  0.0180073
200  0.018057
201  0.018107
202  0.0181572
203  0.0182076
204  0.0182582
205  0.018309
206  0.0183601
207  0.0184115
208  0.018463
209  0.0185148
210  0.0185668
211  0.018619
212  0.0186715
213  0.0187243
214  0.0187772
215  0.0188304
216  0.0188838
217  0.0189375
218  0.0189915
219  0.0190456
220  0.0191
221  0.0191547
222  0.0192096
223  0.0192647
224  0.0193202
225  0.0177856
226  0.0178344
227  0.0178833
228  0.0179325
229  0.0179819
230  0.0180315
231  0.0180813
232  0.0181314
233  0.0181817
234  0.0182322
235  0.0182829
236  0.0183339
237  0.0183851
238  0.0184365
239  0.0184882
240  0.0185401
241  0.0185922
242  0.0186446
243  0.0186972
244  0.01875
245  0.0188031
246  0.0188564
247  0.01891
248  0.0189638
249  0.0190178
250  0.0190721
251  0.0191266
252  0.0191814
253  0.0192364
254  0.0192917
255  0.0193472
256  0.019403
257  0.0178582
258  0.0179072
259  0.0179565
260  0.018006
261  0.0180557
262  0.0181057
263  0.0181559
264  0.0182062
265  0.0182569
266  0.0183077
267  0.0183588
268  0.0184101
269  0.0184617
270  0.0185134
271  0.0185654
272  0.0186177
273  0.0186702
274  0.0187229
275  0.0187758
276  0.018829
277  0.0188825
278  0.0189361
279  0.0189901
280  0.0190442
281  0.0190986
282  0.0191533
283  0.0192082
284  0.0192633
285  0.0193187
286  0.0193744
287  0.0194303
288  0.0194864
289  0.0179312
290  0.0179806
291  0.0180302
292  0.01808
293  0.0181301
294  0.0181804
295  0.0182309
296  0.0182816
297  0.0183326
298  0.0183838
299  0.0184352
300  0.0184868
301  0.0185387
302  0.0185909
303  0.0186432
304  0.0186958
305  0.0187486
306  0.0188017
307  0.018855
308  0.0189086
309  0.0189624
310  0.0190164
311  0.0190707
312  0.0191252
313  0.01918
314  0.019235
315  0.0192903
316  0.0193458
317  0.0194016
318  0.0194576
319  0.0195138
320  0.0195704
321  0.0180047
322  0.0180544
323  0.0181044
324  0.0181545
325  0.0182049
326  0.0182556
327  0.0183064
328  0.0183575
329  0.0184088
330  0.0184603
331  0.0185121
332  0.0185641
333  0.0186163
334  0.0186688
335  0.0187215
336  0.0187745
337  0.0188276
338  0.0188811
339  0.0189347
340  0.0189887
341  0.0190428
342  0.0190972
343  0.0191518
344  0.0192067
345  0.0192619
346  0.0193173
347  0.0193729
348  0.0194288
349  0.0194849
350  0.0195413
351  0.019598
352  0.0196549
353  0.0180787
354  0.0181288
355  0.0181791
356  0.0182296
357  0.0182803
358  0.0183312
359  0.0183824
360  0.0184339
361  0.0184855
362  0.0185374
363  0.0185895
364  0.0186419
365  0.0186944
366  0.0187473
367  0.0188003
368  0.0188536
369  0.0189072
370  0.018961
371  0.019015
372  0.0190693
373  0.0191238
374  0.0191786
375  0.0192336
376  0.0192888
377  0.0193443
378  0.0194001
379  0.0194561
380  0.0195124
381  0.0195689
382  0.0196257
383  0.0196827
384  0.01974
385  0.0181532
386  0.0182036
387  0.0182542
388  0.0183051
389  0.0183561
390  0.0184074
391  0.018459
392  0.0185107
393  0.0185627
394  0.018615
395  0.0186674
396  0.0187201
397  0.0187731
398  0.0188263
399  0.0188797
400  0.0189333
401  0.0189872
402  0.0190414
403  0.0190958
404  0.0191504
405  0.0192053
406  0.0192604
407  0.0193158
408  0.0193715
409  0.0194273
410  0.0194835
411  0.0195399
412  0.0195965
413  0.0196534
414  0.0197106
415  0.019768
416  0.0198257
417  0.0182282
418  0.018279
419  0.0183299
420  0.0183811
421  0.0184325
422  0.0184842
423  0.018536
424  0.0185881
425  0.0186405
426  0.0186931
427  0.0187459
428  0.018799
429  0.0188522
430  0.0189058
431  0.0189596
432  0.0190136
433  0.0190679
434  0.0191224
435  0.0191771
436  0.0192321
437  0.0192874
438  0.0193429
439  0.0193987
440  0.0194547
441  0.0195109
442  0.0195674
443  0.0196242
444  0.0196812
445  0.0197385
446  0.019796
447  0.0198539
448  0.0199119
449  0.0183038
450  0.0183548
451  0.0184061
452  0.0184576
453  0.0185094
454  0.0185614
455  0.0186136
456  0.0186661
457  0.0187188
458  0.0187717
459  0.0188249
460  0.0188783
461  0.0189319
462  0.0189858
463  0.01904
464  0.0190944
465  0.019149
466  0.0192039
467  0.019259
468  0.0193144
469  0.01937
470  0.0194259
471  0.019482
472  0.0195384
473  0.019595
474  0.0196519
475  0.0197091
476  0.0197665
477  0.0198242
478  0.0198821
479  0.0199403
480  0.0199987
481  0.0183798
482  0.0184312
483  0.0184828
484  0.0185347
485  0.0185868
486  0.0186391
487  0.0186917
488  0.0187445
489  0.0187976
490  0.0188509
491  0.0189044
492  0.0189582
493  0.0190122
494  0.0190664
495  0.019121
496  0.0191757
497  0.0192307
498  0.019286
499  0.0193415
500  0.0193972
501  0.0194532
502  0.0195095
503  0.019566
504  0.0196227
505  0.0196797
506  0.019737
507  0.0197946
508  0.0198523
509  0.0199104
510  0.0199687
511  0.0200273
512  0.0200861
513  0.0184563
514  0.018508
515  0.01856
516  0.0186123
517  0.0186647
518  0.0187174
519  0.0187703
520  0.0188235
521  0.0188769
522  0.0189306
523  0.0189844
524  0.0190386
525  0.019093
526  0.0191476
527  0.0192025
528  0.0192576
529  0.0193129
530  0.0193686
531  0.0194244
532  0.0194806
533  0.0195369
534  0.0195936
535  0.0196505
536  0.0197076
537  0.019765
538  0.0198227
539  0.0198806
540  0.0199388
541  0.0199972
542  0.0200559
543  0.0201149
544  0.0201741
545  0.0185333
546  0.0185854
547  0.0186378
548  0.0186903
549  0.0187431
550  0.0187962
551  0.0188495
552  0.018903
553  0.0189568
554  0.0190108
555  0.019065
556  0.0191195
557  0.0191743
558  0.0192293
559  0.0192845
560  0.01934
561  0.0193957
562  0.0194517
563  0.019508
564  0.0195645
565  0.0196212
566  0.0196783
567  0.0197355
568  0.0197931
569  0.0198508
570  0.0199089
571  0.0199672
572  0.0200258
573  0.0200846
574  0.0201437
575  0.0202031
576  0.0202627
577  0.0186109
578  0.0186633
579  0.018716
580  0.018769
581  0.0188221
582  0.0188755
583  0.0189292
584  0.018983
585  0.0190372
586  0.0190915
587  0.0191462
588  0.019201
589  0.0192561
590  0.0193115
591  0.0193671
592  0.019423
593  0.0194791
594  0.0195355
595  0.0195921
596  0.019649
597  0.0197061
598  0.0197635
599  0.0198212
600  0.0198791
601  0.0199373
602  0.0199957
603  0.0200544
604  0.0201134
605  0.0201726
606  0.0202321
607  0.0202919
608  0.0203519
609  0.018689
610  0.0187418
611  0.0187948
612  0.0188481
613  0.0189016
614  0.0189554
615  0.0190094
616  0.0190636
617  0.0191181
618  0.0191729
619  0.0192278
620  0.0192831
621  0.0193386
622  0.0193943
623  0.0194503
624  0.0195065
625  0.019563
626  0.0196198
627  0.0196768
628  0.019734
629  0.0197916
630  0.0198493
631  0.0199074
632  0.0199657
633  0.0200243
634  0.0200831
635  0.0201422
636  0.0202015
637  0.0202612
638  0.0203211
639  0.0203812
640  0.0204417
641  0.0187676
642  0.0188207
643  0.0188741
644  0.0189278
645  0.0189816
646  0.0190358
647  0.0190901
648  0.0191447
649  0.0191996
650  0.0192547
651  0.0193101
652  0.0193657
653  0.0194215
654  0.0194776
655  0.019534
656  0.0195906
657  0.0196475
658  0.0197046
659  0.019762
660  0.0198197
661  0.0198776
662  0.0199357
663  0.0199942
664  0.0200529
665  0.0201118
666  0.0201711
667  0.0202305
668  0.0202903
669  0.0203503
670  0.0204106
671  0.0204712
672  0.020532
673  0.0188467
674  0.0189002
675  0.018954
676  0.019008
677  0.0190622
678  0.0191167
679  0.0191714
680  0.0192264
681  0.0192816
682  0.0193371
683  0.0193929
684  0.0194488
685  0.0195051
686  0.0195616
687  0.0196183
688  0.0196753
689  0.0197326
690  0.0197901
691  0.0198478
692  0.0199059
693  0.0199642
694  0.0200227
695  0.0200816
696  0.0201406
697  0.0202
698  0.0202596
699  0.0203195
700  0.0203797
701  0.0204401
702  0.0205008
703  0.0205618
704  0.020623
705  0.0189264
706  0.0189802
707  0.0190344
708  0.0190887
709  0.0191433
710  0.0191982
711  0.0192533
712  0.0193086
713  0.0193642
714  0.0194201
715  0.0194762
716  0.0195325
717  0.0195892
718  0.019646
719  0.0197031
720  0.0197605
721  0.0198182
722  0.0198761
723  0.0199342
724  0.0199927
725  0.0200513
726  0.0201103
727  0.0201695
728  0.020229
729  0.0202887
730  0.0203488
731  0.0204091
732  0.0204696
733  0.0205304
734  0.0205916
735  0.0206529
736  0.0207146
737  0.0190066
738  0.0190608
739  0.0191153
740  0.01917
741  0.019225
742  0.0192802
743  0.0193357
744  0.0193914
745  0.0194474
746  0.0195036
747  0.0195601
748  0.0196168
749  0.0196738
750  0.0197311
751  0.0197886
752  0.0198463
753  0.0199044
754  0.0199627
755  0.0200212
756  0.02008
757  0.0201391
758  0.0201985
759  0.0202581
760  0.0203179
761  0.0203781
762  0.0204385
763  0.0204992
764  0.0205602
765  0.0206214
766  0.0206829
767  0.0207447
768  0.0208068
769  0.0190873
770  0.0191419
771  0.0191968
772  0.0192518
773  0.0193072
774  0.0193628
775  0.0194186
776  0.0194747
777  0.0195311
778  0.0195877
779  0.0196445
780  0.0197017
781  0.019759
782  0.0198167
783  0.0198746
784  0.0199327
785  0.0199911
786  0.0200498
787  0.0201088
788  0.020168
789  0.0202274
790  0.0202872
791  0.0203472
792  0.0204075
793  0.020468
794  0.0205289
795  0.02059
796  0.0206513
797  0.020713
798  0.0207749
799  0.0208371
800  0.0208996
801  0.0191686
802  0.0192236
803  0.0192788
804  0.0193342
805  0.01939
806  0.0194459
807  0.0195021
808  0.0195586
809  0.0196153
810  0.0196723
811  0.0197296
812  0.0197871
813  0.0198448
814  0.0199029
815  0.0199611
816  0.0200197
817  0.0200785
818  0.0201376
819  0.0201969
820  0.0202565
821  0.0203164
822  0.0203765
823  0.0204369
824  0.0204976
825  0.0205586
826  0.0206198
827  0.0206813
828  0.0207431
829  0.0208052
830  0.0208675
831  0.0209301
832  0.020993
833  0.0192504
834  0.0193058
835  0.0193613
836  0.0194172
837  0.0194733
838  0.0195296
839  0.0195862
840  0.0196431
841  0.0197002
842  0.0197575
843  0.0198152
844  0.0198731
845  0.0199312
846  0.0199896
847  0.0200483
848  0.0201072
849  0.0201664
850  0.0202259
851  0.0202856
852  0.0203456
853  0.0204059
854  0.0204665
855  0.0205273
856  0.0205884
857  0.0206497
858  0.0207114
859  0.0207733
860  0.0208355
861  0.0208979
862  0.0209607
863  0.0210237
864  0.021087
865  0.0193328
866  0.0193885
867  0.0194445
868  0.0195007
869  0.0195571
870  0.0196139
871  0.0196708
872  0.0197281
873  0.0197856
874  0.0198433
875  0.0199013
876  0.0199596
877  0.0200182
878  0.020077
879  0.020136
880  0.0201954
881  0.020255
882  0.0203148
883  0.020375
884  0.0204354
885  0.0204961
886  0.020557
887  0.0206182
888  0.0206797
889  0.0207415
890  0.0208035
891  0.0208659
892  0.0209285
893  0.0209914
894  0.0210545
895  0.021118
896  0.0211817
897  0.0194157
898  0.0194718
899  0.0195281
900  0.0195847
901  0.0196416
902  0.0196987
903  0.0197561
904  0.0198137
905  0.0198716
906  0.0199297
907  0.0199881
908  0.0200468
909  0.0201057
910  0.0201649
911  0.0202244
912  0.0202841
913  0.0203441
914  0.0204044
915  0.0204649
916  0.0205257
917  0.0205868
918  0.0206481
919  0.0207098
920  0.0207717
921  0.0208339
922  0.0208963
923  0.0209591
924  0.0210221
925  0.0210854
926  0.021149
927  0.0212128
928  0.021277
929  0.0194992
930  0.0195557
931  0.0196124
932  0.0196694
933  0.0197266
934  0.0197841
935  0.0198418
936  0.0198998
937  0.0199581
938  0.0200166
939  0.0200754
940  0.0201345
941  0.0201938
942  0.0202534
943  0.0203133
944  0.0203734
945  0.0204338
946  0.0204945
947  0.0205554
948  0.0206166
949  0.0206781
950  0.0207399
951  0.0208019
952  0.0208642
953  0.0209268
954  0.0209897
955  0.0210529
956  0.0211163
957  0.02118
958  0.021244
959  0.0213083
960  0.0213729
961  0.0195833
962  0.0196401
963  0.0196972
964  0.0197546
965  0.0198122
966  0.0198701
967  0.0199282
968  0.0199866
969  0.0200452
970  0.0201042
971  0.0201634
972  0.0202228
973  0.0202825
974  0.0203425
975  0.0204028
976  0.0204633
977  0.0205241
978  0.0205852
979  0.0206465
980  0.0207082
981  0.0207701
982  0.0208322
983  0.0208947
984  0.0209574
985  0.0210204
986  0.0210837
987  0.0211473
988  0.0212112
989  0.0212753
990  0.0213397
991  0.0214044
992  0.0214694
993  0.0196679
994  0.0197251
995  0.0197826
996  0.0198403
997  0.0198983
998  0.0199566
999  0.0200151
1000  0.0200739
1001  0.020133
1002  0.0201923
1003  0.0202519
1004  0.0203117
1005  0.0203718
1006  0.0204322
1007  0.0204929
1008  0.0205538
1009  0.020615
1010  0.0206765
1011  0.0207383
1012  0.0208003
1013  0.0208626
1014  0.0209252
1015  0.0209881
1016  0.0210512
1017  0.0211147
1018  0.0211784
1019  0.0212424
1020  0.0213066
1021  0.0213712
1022  0.021436
1023  0.0215012
1024  0.0215666
1025  0.0197531
1026  0.0198107
1027  0.0198685
1028  0.0199267
1029  0.0199851
1030  0.0200437
1031  0.0201026
1032  0.0201618
1033  0.0202213
1034  0.020281
1035  0.020341
1036  0.0204012
1037  0.0204617
1038  0.0205225
1039  0.0205836
1040  0.020645
1041  0.0207066
1042  0.0207685
1043  0.0208306
1044  0.0208931
1045  0.0209558
1046  0.0210188
1047  0.0210821
1048  0.0211457
1049  0.0212095
1050  0.0212736
1051  0.021338
1052  0.0214027
1053  0.0214677
1054  0.021533
1055  0.0215986
1056  0.0216644
1057  0.0198388
1058  0.0198968
1059  0.0199551
1060  0.0200136
1061  0.0200724
1062  0.0201314
1063  0.0201907
1064  0.0202503
1065  0.0203102
1066  0.0203703
1067  0.0204307
1068  0.0204913
1069  0.0205523
1070  0.0206135
1071  0.0206749
1072  0.0207367
1073  0.0207987
1074  0.020861
1075  0.0209236
1076  0.0209864
1077  0.0210496
1078  0.021113
1079  0.0211767
1080  0.0212407
1081  0.021305
1082  0.0213695
1083  0.0214344
1084  0.0214995
1085  0.0215649
1086  0.0216306
1087  0.0216966
1088  0.0217629
1089  0.0199252
1090  0.0199835
1091  0.0200422
1092  0.0201011
1093  0.0201603
1094  0.0202197
1095  0.0202794
1096  0.0203394
1097  0.0203997
1098  0.0204602
1099  0.020521
1100  0.020582
1101  0.0206434
1102  0.020705
1103  0.0207669
1104  0.020829
1105  0.0208915
1106  0.0209542
1107  0.0210172
1108  0.0210804
1109  0.021144
1110  0.0212078
1111  0.021272
1112  0.0213364
1113  0.0214011
1114  0.021466
1115  0.0215313
1116  0.0215969
1117  0.0216627
1118  0.0217288
1119  0.0217952
1120  0.0218619
1121  0.0200121
1122  0.0200708
1123  0.0201299
1124  0.0201892
1125  0.0202488
1126  0.0203086
1127  0.0203687
1128  0.0204291
1129  0.0204897
1130  0.0205507
1131  0.0206119
1132  0.0206733
1133  0.0207351
1134  0.0207971
1135  0.0208594
1136  0.020922
1137  0.0209848
1138  0.0210479
1139  0.0211114
1140  0.0211751
1141  0.021239
1142  0.0213033
1143  0.0213678
1144  0.0214327
1145  0.0214978
1146  0.0215632
1147  0.0216289
1148  0.0216949
1149  0.0217611
1150  0.0218277
1151  0.0218945
1152  0.0219617
1153  0.0200996
1154  0.0201587
1155  0.0202182
1156  0.0202779
1157  0.0203378
1158  0.0203981
1159  0.0204586
1160  0.0205194
1161  0.0205804
1162  0.0206418
1163  0.0207034
1164  0.0207652
1165  0.0208274
1166  0.0208898
1167  0.0209525
1168  0.0210155
1169  0.0210788
1170  0.0211423
1171  0.0212062
1172  0.0212703
1173  0.0213347
1174  0.0213994
1175  0.0214643
1176  0.0215296
1177  0.0215952
1178  0.021661
1179  0.0217271
1180  0.0217935
1181  0.0218602
1182  0.0219272
1183  0.0219945
1184  0.0220621
1185  0.0201877
1186  0.0202472
1187  0.020307
1188  0.0203672
1189  0.0204275
1190  0.0204882
1191  0.0205491
1192  0.0206103
1193  0.0206717
1194  0.0207335
1195  0.0207955
1196  0.0208578
1197  0.0209203
1198  0.0209832
1199  0.0210463
1200  0.0211097
1201  0.0211734
1202  0.0212374
1203  0.0213016
1204  0.0213662
1205  0.021431
1206  0.0214961
1207  0.0215615
1208  0.0216272
1209  0.0216931
1210  0.0217594
1211  0.021826
1212  0.0218928
1213  0.0219599
1214  0.0220274
1215  0.0220951
1216  0.0221631
1217  0.0202763
1218  0.0203363
1219  0.0203965
1220  0.020457
1221  0.0205178
1222  0.0205788
1223  0.0206402
1224  0.0207018
1225  0.0207636
1226  0.0208258
1227  0.0208882
1228  0.0209509
1229  0.0210139
1230  0.0210772
1231  0.0211407
1232  0.0212045
1233  0.0212686
1234  0.021333
1235  0.0213977
1236  0.0214627
1237  0.0215279
1238  0.0215934
1239  0.0216593
1240  0.0217254
1241  0.0217918
1242  0.0218585
1243  0.0219255
1244  0.0219927
1245  0.0220603
1246  0.0221282
1247  0.0221963
1248  0.0222648
1249  0.0203656
1250  0.020426
1251  0.0204866
1252  0.0205475
1253  0.0206087
1254  0.0206701
1255  0.0207319
1256  0.0207939
1257  0.0208561
1258  0.0209187
1259  0.0209815
1260  0.0210447
1261  0.0211081
1262  0.0211717
1263  0.0212357
1264  0.0213
1265  0.0213645
1266  0.0214293
1267  0.0214944
1268  0.0215598
1269  0.0216255
1270  0.0216914
1271  0.0217577
1272  0.0218242
1273  0.0218911
1274  0.0219582
1275  0.0220256
1276  0.0220933
1277  0.0221613
1278  0.0222296
1279  0.0222982
1280  0.0223671
1281  0.0204555
1282  0.0205162
1283  0.0205773
1284  0.0206386
1285  0.0207002
1286  0.020762
1287  0.0208242
1288  0.0208866
1289  0.0209493
1290  0.0210122
1291  0.0210755
1292  0.021139
1293  0.0212029
1294  0.021267
1295  0.0213313
1296  0.021396
1297  0.021461
1298  0.0215262
1299  0.0215917
1300  0.0216576
1301  0.0217237
1302  0.0217901
1303  0.0218567
1304  0.0219237
1305  0.021991
1306  0.0220586
1307  0.0221264
1308  0.0221946
1309  0.022263
1310  0.0223317
1311  0.0224008
1312  0.0224701
1313  0.0205459
1314  0.0206071
1315  0.0206685
1316  0.0207303
1317  0.0207923
1318  0.0208545
1319  0.0209171
1320  0.0209799
1321  0.021043
1322  0.0211064
1323  0.0211701
1324  0.021234
1325  0.0212983
1326  0.0213628
1327  0.0214276
1328  0.0214927
1329  0.0215581
1330  0.0216238
1331  0.0216897
1332  0.021756
1333  0.0218225
1334  0.0218893
1335  0.0219564
1336  0.0220239
1337  0.0220916
1338  0.0221596
1339  0.0222279
1340  0.0222964
1341  0.0223653
1342  0.0224345
1343  0.022504
1344  0.0225738
1345  0.020637
1346  0.0206986
1347  0.0207604
1348  0.0208225
1349  0.020885
1350  0.0209476
1351  0.0210106
1352  0.0210739
1353  0.0211374
1354  0.0212012
1355  0.0212653
1356  0.0213297
1357  0.0213943
1358  0.0214593
1359  0.0215245
1360  0.02159
1361  0.0216558
1362  0.0217219
1363  0.0217883
1364  0.021855
1365  0.021922
1366  0.0219892
1367  0.0220568
1368  0.0221246
1369  0.0221928
1370  0.0222612
1371  0.02233
1372  0.022399
1373  0.0224683
1374  0.0225379
1375  0.0226079
1376  0.0226781
1377  0.0207286
1378  0.0207906
1379  0.0208529
1380  0.0209155
1381  0.0209783
1382  0.0210414
1383  0.0211048
1384  0.0211684
1385  0.0212324
1386  0.0212966
1387  0.0213611
1388  0.0214259
1389  0.021491
1390  0.0215564
1391  0.0216221
1392  0.021688
1393  0.0217542
1394  0.0218208
1395  0.0218876
1396  0.0219547
1397  0.0220221
1398  0.0220898
1399  0.0221578
1400  0.0222261
1401  0.0222947
1402  0.0223635
1403  0.0224327
1404  0.0225022
1405  0.022572
1406  0.022642
1407  0.0227124
1408  0.022783
1409  0.0208209
1410  0.0208833
1411  0.020946
1412  0.021009
1413  0.0210722
1414  0.0211357
1415  0.0211995
1416  0.0212636
1417  0.021328
1418  0.0213927
1419  0.0214576
1420  0.0215228
1421  0.0215883
1422  0.0216541
1423  0.0217202
1424  0.0217866
1425  0.0218533
1426  0.0219202
1427  0.0219875
1428  0.022055
1429  0.0221229
1430  0.022191
1431  0.0222594
1432  0.0223282
1433  0.0223972
1434  0.0224665
1435  0.0225361
1436  0.022606
1437  0.0226762
1438  0.0227468
1439  0.0228176
1440  0.0228887
