1  0.186664
2  0.187172
3  0.187683
4  0.188196
5  0.188712
6  0.18923
7  0.189751
8  0.190274
9  0.1908
10  0.191329
11  0.19186
12  0.192393
13  0.192929
14  0.193468
15  0.19401
16  0.194554
17  0.195101
18  0.19565
19  0.196203
20  0.196758
21  0.197315
22  0.197876
23  0.198439
24  0.199005
25  0.199574
26  0.200146
27  0.20072
28  0.201298
29  0.201878
30  0.202461
31  0.203047
32  0.203636
33  0.187421
34  0.187933
35  0.188447
36  0.188964
37  0.189484
38  0.190006
39  0.19053
40  0.191057
41  0.191587
42  0.192119
43  0.192654
44  0.193192
45  0.193732
46  0.194275
47  0.19482
48  0.195368
49  0.195919
50  0.196473
51  0.197029
52  0.197588
53  0.19815
54  0.198714
55  0.199282
56  0.199852
57  0.200425
58  0.201001
59  0.20158
60  0.202161
61  0.202746
62  0.203334
63  0.203924
64  0.204518
65  0.188183
66  0.188699
67  0.189217
68  0.189738
69  0.190261
70  0.190787
71  0.191315
72  0.191846
73  0.192379
74  0.192916
75  0.193454
76  0.193996
77  0.19454
78  0.195087
79  0.195636
80  0.196188
81  0.196743
82  0.197301
83  0.197861
84  0.198424
85  0.19899
86  0.199559
87  0.200131
88  0.200705
89  0.201282
90  0.201863
91  0.202446
92  0.203032
93  0.203621
94  0.204213
95  0.204808
96  0.205405
97  0.188951
98  0.18947
99  0.189992
100  0.190517
101  0.191044
102  0.191573
103  0.192105
104  0.19264
105  0.193178
106  0.193718
107  0.19426
108  0.194806
109  0.195354
110  0.195905
111  0.196458
112  0.197014
113  0.197573
114  0.198135
115  0.1987
116  0.199267
117  0.199837
118  0.20041
119  0.200986
120  0.201565
121  0.202146
122  0.202731
123  0.203318
124  0.203909
125  0.204502
126  0.205098
127  0.205698
128  0.2063
129  0.189724
130  0.190247
131  0.190773
132  0.191301
133  0.191832
134  0.192366
135  0.192902
136  0.19344
137  0.193982
138  0.194526
139  0.195072
140  0.195622
141  0.196174
142  0.196729
143  0.197286
144  0.197847
145  0.19841
146  0.198976
147  0.199544
148  0.200116
149  0.20069
150  0.201268
151  0.201848
152  0.202431
153  0.203017
154  0.203605
155  0.204197
156  0.204792
157  0.20539
158  0.205991
159  0.206595
160  0.207201
161  0.190503
162  0.19103
163  0.19156
164  0.192092
165  0.192626
166  0.193164
167  0.193704
168  0.194246
169  0.194792
170  0.19534
171  0.19589
172  0.196444
173  0.197
174  0.197559
175  0.19812
176  0.198685
177  0.199252
178  0.199822
179  0.200395
180  0.200971
181  0.20155
182  0.202131
183  0.202716
184  0.203303
185  0.203893
186  0.204487
187  0.205083
188  0.205682
189  0.206284
190  0.20689
191  0.207498
192  0.20811
193  0.191288
194  0.191818
195  0.192352
196  0.192888
197  0.193426
198  0.193968
199  0.194512
200  0.195058
201  0.195608
202  0.19616
203  0.196714
204  0.197272
205  0.197832
206  0.198395
207  0.198961
208  0.19953
209  0.200101
210  0.200675
211  0.201252
212  0.201832
213  0.202416
214  0.203001
215  0.20359
216  0.204182
217  0.204777
218  0.205374
219  0.205975
220  0.206579
221  0.207186
222  0.207795
223  0.208408
224  0.209024
225  0.192078
226  0.192612
227  0.19315
228  0.19369
229  0.194232
230  0.194777
231  0.195325
232  0.195876
233  0.196429
234  0.196986
235  0.197544
236  0.198106
237  0.19867
238  0.199237
239  0.199808
240  0.20038
241  0.200956
242  0.201535
243  0.202116
244  0.2027
245  0.203288
246  0.203878
247  0.204471
248  0.205067
249  0.205667
250  0.206269
251  0.206874
252  0.207482
253  0.208094
254  0.208708
255  0.209326
256  0.209946
257  0.192874
258  0.193412
259  0.193954
260  0.194498
261  0.195044
262  0.195593
263  0.196145
264  0.1967
265  0.197257
266  0.197817
267  0.19838
268  0.198946
269  0.199515
270  0.200086
271  0.20066
272  0.201238
273  0.201817
274  0.2024
275  0.202986
276  0.203575
277  0.204167
278  0.204761
279  0.205359
280  0.205959
281  0.206563
282  0.20717
283  0.20778
284  0.208392
285  0.209008
286  0.209628
287  0.21025
288  0.210875
289  0.193676
290  0.194218
291  0.194763
292  0.195311
293  0.195862
294  0.196415
295  0.196971
296  0.19753
297  0.198091
298  0.198656
299  0.199223
300  0.199793
301  0.200365
302  0.200941
303  0.20152
304  0.202101
305  0.202685
306  0.203272
307  0.203863
308  0.204456
309  0.205052
310  0.205651
311  0.206253
312  0.206858
313  0.207466
314  0.208078
315  0.208692
316  0.20931
317  0.20993
318  0.210554
319  0.211181
320  0.211811
321  0.194483
322  0.19503
323  0.195579
324  0.196131
325  0.196685
326  0.197243
327  0.197803
328  0.198366
329  0.198931
330  0.1995
331  0.200071
332  0.200645
333  0.201222
334  0.201802
335  0.202385
336  0.202971
337  0.20356
338  0.204151
339  0.204746
340  0.205343
341  0.205944
342  0.206547
343  0.207154
344  0.207764
345  0.208377
346  0.208992
347  0.209611
348  0.210234
349  0.210859
350  0.211487
351  0.212119
352  0.212754
353  0.195297
354  0.195847
355  0.196401
356  0.196957
357  0.197515
358  0.198077
359  0.198641
360  0.199208
361  0.199778
362  0.20035
363  0.200926
364  0.201504
365  0.202086
366  0.20267
367  0.203257
368  0.203847
369  0.20444
370  0.205036
371  0.205635
372  0.206237
373  0.206842
374  0.207451
375  0.208062
376  0.208676
377  0.209294
378  0.209914
379  0.210538
380  0.211165
381  0.211795
382  0.212428
383  0.213064
384  0.213704
385  0.196116
386  0.196671
387  0.197228
388  0.197788
389  0.198351
390  0.198917
391  0.199485
392  0.200056
393  0.20063
394  0.201207
395  0.201787
396  0.20237
397  0.202956
398  0.203544
399  0.204136
400  0.20473
401  0.205328
402  0.205928
403  0.206532
404  0.207138
405  0.207748
406  0.208361
407  0.208976
408  0.209595
409  0.210217
410  0.210843
411  0.211471
412  0.212103
413  0.212737
414  0.213376
415  0.214017
416  0.214661
417  0.196942
418  0.197501
419  0.198062
420  0.198626
421  0.199193
422  0.199763
423  0.200336
424  0.200911
425  0.201489
426  0.202071
427  0.202655
428  0.203242
429  0.203832
430  0.204425
431  0.205021
432  0.20562
433  0.206222
434  0.206827
435  0.207435
436  0.208046
437  0.20866
438  0.209278
439  0.209898
440  0.210521
441  0.211148
442  0.211778
443  0.212411
444  0.213048
445  0.213687
446  0.21433
447  0.214976
448  0.215626
449  0.197774
450  0.198337
451  0.198902
452  0.19947
453  0.200042
454  0.200616
455  0.201192
456  0.201772
457  0.202355
458  0.20294
459  0.203529
460  0.20412
461  0.204715
462  0.205312
463  0.205913
464  0.206516
465  0.207123
466  0.207732
467  0.208345
468  0.20896
469  0.209579
470  0.210201
471  0.210826
472  0.211455
473  0.212086
474  0.212721
475  0.213359
476  0.214
477  0.214645
478  0.215292
479  0.215943
480  0.216598
481  0.198612
482  0.199178
483  0.199748
484  0.200321
485  0.200896
486  0.201475
487  0.202056
488  0.20264
489  0.203227
490  0.203817
491  0.204409
492  0.205005
493  0.205604
494  0.206206
495  0.206811
496  0.207419
497  0.20803
498  0.208644
499  0.209261
500  0.209882
501  0.210505
502  0.211132
503  0.211762
504  0.212395
505  0.213031
506  0.213671
507  0.214314
508  0.21496
509  0.215609
510  0.216262
511  0.216918
512  0.217577
513  0.199456
514  0.200027
515  0.200601
516  0.201177
517  0.201757
518  0.20234
519  0.202925
520  0.203514
521  0.204105
522  0.204699
523  0.205297
524  0.205897
525  0.2065
526  0.207107
527  0.207716
528  0.208329
529  0.208944
530  0.209563
531  0.210185
532  0.21081
533  0.211438
534  0.21207
535  0.212704
536  0.213342
537  0.213983
538  0.214628
539  0.215276
540  0.215927
541  0.216581
542  0.217239
543  0.2179
544  0.218564
545  0.200306
546  0.200881
547  0.201459
548  0.20204
549  0.202624
550  0.203211
551  0.203801
552  0.204394
553  0.20499
554  0.205589
555  0.20619
556  0.206795
557  0.207403
558  0.208014
559  0.208628
560  0.209245
561  0.209866
562  0.210489
563  0.211116
564  0.211745
565  0.212378
566  0.213015
567  0.213654
568  0.214297
569  0.214943
570  0.215592
571  0.216245
572  0.216901
573  0.21756
574  0.218223
575  0.218889
576  0.219558
577  0.201162
578  0.201742
579  0.202324
580  0.20291
581  0.203498
582  0.20409
583  0.204684
584  0.205281
585  0.205881
586  0.206485
587  0.207091
588  0.2077
589  0.208313
590  0.208928
591  0.209547
592  0.210169
593  0.210794
594  0.211422
595  0.212053
596  0.212688
597  0.213326
598  0.213967
599  0.214611
600  0.215259
601  0.21591
602  0.216564
603  0.217221
604  0.217882
605  0.218547
606  0.219215
607  0.219886
608  0.22056
609  0.202025
610  0.202609
611  0.203196
612  0.203786
613  0.204379
614  0.204974
615  0.205573
616  0.206175
617  0.206779
618  0.207387
619  0.207998
620  0.208612
621  0.209229
622  0.20985
623  0.210473
624  0.211099
625  0.211729
626  0.212362
627  0.212998
628  0.213638
629  0.21428
630  0.214926
631  0.215575
632  0.216228
633  0.216884
634  0.217543
635  0.218206
636  0.218872
637  0.219541
638  0.220214
639  0.22089
640  0.22157
641  0.202895
642  0.203483
643  0.204074
644  0.204668
645  0.205266
646  0.205866
647  0.206469
648  0.207075
649  0.207685
650  0.208297
651  0.208912
652  0.209531
653  0.210153
654  0.210778
655  0.211406
656  0.212037
657  0.212671
658  0.213309
659  0.21395
660  0.214594
661  0.215242
662  0.215893
663  0.216547
664  0.217204
665  0.217865
666  0.218529
667  0.219197
668  0.219868
669  0.220543
670  0.221221
671  0.221902
672  0.222587
673  0.203771
674  0.204363
675  0.204959
676  0.205558
677  0.206159
678  0.206764
679  0.207372
680  0.207982
681  0.208596
682  0.209213
683  0.209833
684  0.210457
685  0.211083
686  0.211713
687  0.212346
688  0.212982
689  0.213621
690  0.214263
691  0.214909
692  0.215558
693  0.216211
694  0.216867
695  0.217526
696  0.218188
697  0.218854
698  0.219523
699  0.220196
700  0.220873
701  0.221552
702  0.222236
703  0.222922
704  0.223613
705  0.204653
706  0.20525
707  0.20585
708  0.206453
709  0.207059
710  0.207669
711  0.208281
712  0.208896
713  0.209515
714  0.210137
715  0.210761
716  0.211389
717  0.21202
718  0.212655
719  0.213292
720  0.213933
721  0.214578
722  0.215225
723  0.215876
724  0.21653
725  0.217187
726  0.217848
727  0.218512
728  0.21918
729  0.219851
730  0.220525
731  0.221203
732  0.221885
733  0.22257
734  0.223258
735  0.22395
736  0.224646
737  0.205542
738  0.206143
739  0.206748
740  0.207356
741  0.207966
742  0.20858
743  0.209197
744  0.209817
745  0.21044
746  0.211067
747  0.211696
748  0.212329
749  0.212965
750  0.213604
751  0.214247
752  0.214892
753  0.215541
754  0.216194
755  0.21685
756  0.217509
757  0.218171
758  0.218837
759  0.219506
760  0.220179
761  0.220855
762  0.221535
763  0.222218
764  0.222904
765  0.223595
766  0.224288
767  0.224986
768  0.225687
769  0.206438
770  0.207044
771  0.207653
772  0.208265
773  0.20888
774  0.209499
775  0.21012
776  0.210745
777  0.211373
778  0.212004
779  0.212638
780  0.213276
781  0.213917
782  0.214561
783  0.215208
784  0.215859
785  0.216513
786  0.21717
787  0.217831
788  0.218495
789  0.219162
790  0.219833
791  0.220508
792  0.221186
793  0.221867
794  0.222552
795  0.22324
796  0.223932
797  0.224628
798  0.225327
799  0.226029
800  0.226736
801  0.20734
802  0.207951
803  0.208564
804  0.209181
805  0.209801
806  0.210424
807  0.21105
808  0.21168
809  0.212313
810  0.212948
811  0.213588
812  0.21423
813  0.214876
814  0.215525
815  0.216177
816  0.216832
817  0.217491
818  0.218154
819  0.218819
820  0.219489
821  0.220161
822  0.220837
823  0.221517
824  0.2222
825  0.222887
826  0.223577
827  0.22427
828  0.224968
829  0.225668
830  0.226373
831  0.227081
832  0.227793
833  0.208249
834  0.208864
835  0.209483
836  0.210104
837  0.210729
838  0.211357
839  0.211988
840  0.212622
841  0.213259
842  0.2139
843  0.214544
844  0.215191
845  0.215842
846  0.216496
847  0.217153
848  0.217814
849  0.218478
850  0.219145
851  0.219816
852  0.22049
853  0.221168
854  0.221849
855  0.222534
856  0.223222
857  0.223914
858  0.22461
859  0.225309
860  0.226011
861  0.226717
862  0.227427
863  0.228141
864  0.228858
865  0.209165
866  0.209785
867  0.210408
868  0.211034
869  0.211664
870  0.212296
871  0.212932
872  0.213571
873  0.214213
874  0.214859
875  0.215508
876  0.21616
877  0.216815
878  0.217474
879  0.218137
880  0.218802
881  0.219471
882  0.220144
883  0.22082
884  0.221499
885  0.222182
886  0.222869
887  0.223559
888  0.224252
889  0.224949
890  0.22565
891  0.226355
892  0.227063
893  0.227774
894  0.22849
895  0.229209
896  0.229932
897  0.210088
898  0.210713
899  0.21134
900  0.211971
901  0.212605
902  0.213243
903  0.213883
904  0.214527
905  0.215174
906  0.215825
907  0.216479
908  0.217136
909  0.217796
910  0.21846
911  0.219128
912  0.219798
913  0.220473
914  0.22115
915  0.221831
916  0.222516
917  0.223204
918  0.223896
919  0.224591
920  0.22529
921  0.225993
922  0.226699
923  0.227409
924  0.228122
925  0.22884
926  0.229561
927  0.230285
928  0.231013
929  0.211018
930  0.211647
931  0.21228
932  0.212915
933  0.213554
934  0.214197
935  0.214842
936  0.215491
937  0.216143
938  0.216798
939  0.217457
940  0.218119
941  0.218785
942  0.219454
943  0.220126
944  0.220802
945  0.221482
946  0.222164
947  0.222851
948  0.223541
949  0.224234
950  0.224931
951  0.225632
952  0.226336
953  0.227044
954  0.227756
955  0.228471
956  0.22919
957  0.229913
958  0.230639
959  0.23137
960  0.232104
961  0.211955
962  0.212589
963  0.213226
964  0.213867
965  0.214511
966  0.215158
967  0.215808
968  0.216462
969  0.217119
970  0.217779
971  0.218443
972  0.21911
973  0.219781
974  0.220455
975  0.221133
976  0.221814
977  0.222498
978  0.223186
979  0.223878
980  0.224573
981  0.225272
982  0.225975
983  0.226681
984  0.22739
985  0.228104
986  0.228821
987  0.229542
988  0.230266
989  0.230995
990  0.231727
991  0.232463
992  0.233202
993  0.212899
994  0.213538
995  0.21418
996  0.214825
997  0.215474
998  0.216126
999  0.216781
1000  0.21744
1001  0.218102
1002  0.218768
1003  0.219437
1004  0.220109
1005  0.220785
1006  0.221464
1007  0.222147
1008  0.222833
1009  0.223523
1010  0.224216
1011  0.224913
1012  0.225614
1013  0.226318
1014  0.227026
1015  0.227737
1016  0.228453
1017  0.229171
1018  0.229894
1019  0.23062
1020  0.231351
1021  0.232085
1022  0.232822
1023  0.233564
1024  0.234309
1025  0.21385
1026  0.214494
1027  0.215141
1028  0.215791
1029  0.216445
1030  0.217102
1031  0.217762
1032  0.218426
1033  0.219093
1034  0.219764
1035  0.220438
1036  0.221115
1037  0.221796
1038  0.222481
1039  0.223169
1040  0.22386
1041  0.224555
1042  0.225254
1043  0.225956
1044  0.226662
1045  0.227372
1046  0.228085
1047  0.228802
1048  0.229523
1049  0.230247
1050  0.230976
1051  0.231708
1052  0.232443
1053  0.233183
1054  0.233926
1055  0.234674
1056  0.235425
1057  0.214808
1058  0.215457
1059  0.216109
1060  0.216764
1061  0.217423
1062  0.218085
1063  0.21875
1064  0.219419
1065  0.220091
1066  0.220767
1067  0.221446
1068  0.222129
1069  0.222815
1070  0.223505
1071  0.224198
1072  0.224895
1073  0.225596
1074  0.2263
1075  0.227007
1076  0.227719
1077  0.228434
1078  0.229153
1079  0.229875
1080  0.230602
1081  0.231332
1082  0.232065
1083  0.232803
1084  0.233545
1085  0.23429
1086  0.235039
1087  0.235792
1088  0.236549
1089  0.215774
1090  0.216428
1091  0.217085
1092  0.217745
1093  0.218409
1094  0.219076
1095  0.219746
1096  0.22042
1097  0.221097
1098  0.221778
1099  0.222463
1100  0.223151
1101  0.223842
1102  0.224537
1103  0.225236
1104  0.225938
1105  0.226644
1106  0.227353
1107  0.228067
1108  0.228784
1109  0.229504
1110  0.230229
1111  0.230957
1112  0.231689
1113  0.232424
1114  0.233164
1115  0.233907
1116  0.234654
1117  0.235405
1118  0.23616
1119  0.236919
1120  0.237682
1121  0.216747
1122  0.217406
1123  0.218068
1124  0.218733
1125  0.219402
1126  0.220074
1127  0.220749
1128  0.221429
1129  0.222111
1130  0.222797
1131  0.223487
1132  0.22418
1133  0.224877
1134  0.225577
1135  0.226281
1136  0.226989
1137  0.2277
1138  0.228415
1139  0.229134
1140  0.229856
1141  0.230583
1142  0.231313
1143  0.232046
1144  0.232784
1145  0.233525
1146  0.23427
1147  0.23502
1148  0.235773
1149  0.23653
1150  0.23729
1151  0.238055
1152  0.238824
1153  0.217728
1154  0.218391
1155  0.219058
1156  0.219729
1157  0.220403
1158  0.22108
1159  0.221761
1160  0.222445
1161  0.223133
1162  0.223824
1163  0.224519
1164  0.225218
1165  0.22592
1166  0.226626
1167  0.227335
1168  0.228048
1169  0.228765
1170  0.229485
1171  0.23021
1172  0.230938
1173  0.23167
1174  0.232405
1175  0.233145
1176  0.233888
1177  0.234635
1178  0.235386
1179  0.236141
1180  0.2369
1181  0.237662
1182  0.238429
1183  0.2392
1184  0.239975
1185  0.218716
1186  0.219384
1187  0.220056
1188  0.220732
1189  0.221411
1190  0.222093
1191  0.222779
1192  0.223469
1193  0.224162
1194  0.224859
1195  0.225559
1196  0.226263
1197  0.226971
1198  0.227682
1199  0.228397
1200  0.229115
1201  0.229838
1202  0.230564
1203  0.231294
1204  0.232027
1205  0.232765
1206  0.233506
1207  0.234251
1208  0.235
1209  0.235753
1210  0.23651
1211  0.237271
1212  0.238035
1213  0.238804
1214  0.239577
1215  0.240353
1216  0.241134
1217  0.219711
1218  0.220385
1219  0.221062
1220  0.221743
1221  0.222427
1222  0.223115
1223  0.223806
1224  0.224501
1225  0.2252
1226  0.225901
1227  0.226607
1228  0.227317
1229  0.22803
1230  0.228746
1231  0.229467
1232  0.230191
1233  0.230919
1234  0.23165
1235  0.232386
1236  0.233125
1237  0.233868
1238  0.234615
1239  0.235366
1240  0.236121
1241  0.23688
1242  0.237642
1243  0.238409
1244  0.23918
1245  0.239954
1246  0.240733
1247  0.241516
1248  0.242303
1249  0.220714
1250  0.221393
1251  0.222076
1252  0.222762
1253  0.223451
1254  0.224144
1255  0.224841
1256  0.225541
1257  0.226245
1258  0.226952
1259  0.227663
1260  0.228378
1261  0.229097
1262  0.229819
1263  0.230545
1264  0.231275
1265  0.232008
1266  0.232746
1267  0.233487
1268  0.234232
1269  0.234981
1270  0.235733
1271  0.23649
1272  0.237251
1273  0.238015
1274  0.238784
1275  0.239557
1276  0.240333
1277  0.241114
1278  0.241899
1279  0.242687
1280  0.24348
1281  0.221725
1282  0.222409
1283  0.223097
1284  0.223788
1285  0.224483
1286  0.225181
1287  0.225883
1288  0.226589
1289  0.227298
1290  0.228011
1291  0.228728
1292  0.229448
1293  0.230172
1294  0.2309
1295  0.231631
1296  0.232367
1297  0.233106
1298  0.233849
1299  0.234596
1300  0.235347
1301  0.236101
1302  0.23686
1303  0.237623
1304  0.238389
1305  0.23916
1306  0.239934
1307  0.240713
1308  0.241496
1309  0.242282
1310  0.243073
1311  0.243868
1312  0.244667
1313  0.222744
1314  0.223433
1315  0.224126
1316  0.224823
1317  0.225523
1318  0.226226
1319  0.226934
1320  0.227645
1321  0.22836
1322  0.229078
1323  0.2298
1324  0.230526
1325  0.231256
1326  0.231989
1327  0.232726
1328  0.233467
1329  0.234212
1330  0.234961
1331  0.235714
1332  0.23647
1333  0.237231
1334  0.237996
1335  0.238764
1336  0.239536
1337  0.240313
1338  0.241094
1339  0.241878
1340  0.242667
1341  0.24346
1342  0.244256
1343  0.245058
1344  0.245863
1345  0.22377
1346  0.224465
1347  0.225163
1348  0.225865
1349  0.22657
1350  0.22728
1351  0.227992
1352  0.228709
1353  0.229429
1354  0.230153
1355  0.230881
1356  0.231612
1357  0.232348
1358  0.233087
1359  0.23383
1360  0.234576
1361  0.235327
1362  0.236082
1363  0.23684
1364  0.237603
1365  0.238369
1366  0.23914
1367  0.239914
1368  0.240693
1369  0.241475
1370  0.242262
1371  0.243052
1372  0.243847
1373  0.244646
1374  0.245449
1375  0.246256
1376  0.247068
1377  0.224804
1378  0.225504
1379  0.226208
1380  0.226915
1381  0.227626
1382  0.228341
1383  0.229059
1384  0.229781
1385  0.230507
1386  0.231237
1387  0.23197
1388  0.232707
1389  0.233448
1390  0.234193
1391  0.234942
1392  0.235694
1393  0.236451
1394  0.237211
1395  0.237976
1396  0.238744
1397  0.239516
1398  0.240293
1399  0.241073
1400  0.241858
1401  0.242646
1402  0.243439
1403  0.244236
1404  0.245037
1405  0.245842
1406  0.246651
1407  0.247465
1408  0.248282
1409  0.225847
1410  0.226552
1411  0.227261
1412  0.227974
1413  0.22869
1414  0.229411
1415  0.230134
1416  0.230862
1417  0.231593
1418  0.232329
1419  0.233068
1420  0.233811
1421  0.234557
1422  0.235308
1423  0.236062
1424  0.236821
1425  0.237583
1426  0.238349
1427  0.23912
1428  0.239894
1429  0.240672
1430  0.241455
1431  0.242241
1432  0.243032
1433  0.243826
1434  0.244625
1435  0.245428
1436  0.246235
1437  0.247047
1438  0.247862
1439  0.248682
1440  0.249506
