1  0.287297
2  0.288113
3  0.288934
4  0.289758
5  0.290587
6  0.29142
7  0.292256
8  0.293097
9  0.293942
10  0.294792
11  0.295645
12  0.296503
13  0.297365
14  0.298232
15  0.299102
16  0.299978
17  0.300857
18  0.301741
19  0.302629
20  0.303522
21  0.30442
22  0.305322
23  0.306228
24  0.307139
25  0.308055
26  0.308975
27  0.3099
28  0.31083
29  0.311764
30  0.312704
31  0.313648
32  0.314597
33  0.288513
34  0.289335
35  0.290162
36  0.290992
37  0.291827
38  0.292665
39  0.293509
40  0.294356
41  0.295207
42  0.296063
43  0.296923
44  0.297787
45  0.298655
46  0.299528
47  0.300405
48  0.301287
49  0.302173
50  0.303064
51  0.303959
52  0.304858
53  0.305762
54  0.306671
55  0.307585
56  0.308502
57  0.309425
58  0.310352
59  0.311284
60  0.312221
61  0.313163
62  0.314109
63  0.31506
64  0.316017
65  0.289737
66  0.290565
67  0.291398
68  0.292235
69  0.293076
70  0.293921
71  0.29477
72  0.295623
73  0.296481
74  0.297343
75  0.298209
76  0.29908
77  0.299955
78  0.300834
79  0.301718
80  0.302606
81  0.303499
82  0.304396
83  0.305298
84  0.306204
85  0.307115
86  0.308031
87  0.308951
88  0.309876
89  0.310806
90  0.31174
91  0.312679
92  0.313623
93  0.314572
94  0.315526
95  0.316484
96  0.317448
97  0.29097
98  0.291805
99  0.292644
100  0.293487
101  0.294334
102  0.295185
103  0.29604
104  0.2969
105  0.297764
106  0.298633
107  0.299505
108  0.300383
109  0.301264
110  0.30215
111  0.30304
112  0.303935
113  0.304835
114  0.305739
115  0.306648
116  0.307561
117  0.308479
118  0.309401
119  0.310328
120  0.31126
121  0.312197
122  0.313138
123  0.314085
124  0.315036
125  0.315992
126  0.316953
127  0.317919
128  0.318889
129  0.292213
130  0.293054
131  0.293898
132  0.294748
133  0.295601
134  0.296459
135  0.29732
136  0.298187
137  0.299057
138  0.299932
139  0.300811
140  0.301695
141  0.302583
142  0.303476
143  0.304373
144  0.305275
145  0.306181
146  0.307092
147  0.308007
148  0.308927
149  0.309852
150  0.310782
151  0.311716
152  0.312655
153  0.313599
154  0.314547
155  0.315501
156  0.316459
157  0.317422
158  0.318391
159  0.319364
160  0.320342
161  0.293465
162  0.294311
163  0.295163
164  0.296018
165  0.296878
166  0.297742
167  0.29861
168  0.299483
169  0.30036
170  0.301241
171  0.302127
172  0.303017
173  0.303912
174  0.304812
175  0.305715
176  0.306624
177  0.307537
178  0.308455
179  0.309377
180  0.310304
181  0.311236
182  0.312173
183  0.313114
184  0.31406
185  0.315011
186  0.315967
187  0.316928
188  0.317893
189  0.318864
190  0.31984
191  0.320821
192  0.321806
193  0.294726
194  0.295579
195  0.296436
196  0.297298
197  0.298164
198  0.299035
199  0.299909
200  0.300788
201  0.301672
202  0.30256
203  0.303453
204  0.30435
205  0.305251
206  0.306157
207  0.307068
208  0.307983
209  0.308903
210  0.309828
211  0.310757
212  0.311691
213  0.312631
214  0.313574
215  0.314523
216  0.315476
217  0.316434
218  0.317397
219  0.318366
220  0.319339
221  0.320317
222  0.3213
223  0.322288
224  0.323282
225  0.295996
226  0.296855
227  0.297719
228  0.298587
229  0.29946
230  0.300337
231  0.301218
232  0.302104
233  0.302994
234  0.303889
235  0.304788
236  0.305692
237  0.3066
238  0.307513
239  0.308431
240  0.309353
241  0.31028
242  0.311212
243  0.312148
244  0.313089
245  0.314035
246  0.314986
247  0.315942
248  0.316903
249  0.317868
250  0.318839
251  0.319814
252  0.320795
253  0.321781
254  0.322772
255  0.323767
256  0.324768
257  0.297276
258  0.298142
259  0.299012
260  0.299887
261  0.300766
262  0.301649
263  0.302537
264  0.303429
265  0.304326
266  0.305228
267  0.306134
268  0.307044
269  0.30796
270  0.308879
271  0.309804
272  0.310733
273  0.311667
274  0.312606
275  0.31355
276  0.314498
277  0.315451
278  0.316409
279  0.317372
280  0.31834
281  0.319313
282  0.320291
283  0.321275
284  0.322263
285  0.323256
286  0.324254
287  0.325258
288  0.326267
289  0.298565
290  0.299437
291  0.300314
292  0.301195
293  0.302081
294  0.302971
295  0.303866
296  0.304765
297  0.305668
298  0.306577
299  0.307489
300  0.308407
301  0.309329
302  0.310256
303  0.311187
304  0.312124
305  0.313065
306  0.314011
307  0.314962
308  0.315917
309  0.316878
310  0.317843
311  0.318814
312  0.319789
313  0.32077
314  0.321755
315  0.322746
316  0.323742
317  0.324742
318  0.325748
319  0.32676
320  0.327776
321  0.299864
322  0.300743
323  0.301626
324  0.302514
325  0.303406
326  0.304303
327  0.305204
328  0.30611
329  0.307021
330  0.307936
331  0.308855
332  0.30978
333  0.310709
334  0.311643
335  0.312581
336  0.313525
337  0.314473
338  0.315426
339  0.316384
340  0.317347
341  0.318315
342  0.319288
343  0.320266
344  0.321249
345  0.322237
346  0.32323
347  0.324228
348  0.325232
349  0.326241
350  0.327254
351  0.328273
352  0.329298
353  0.301172
354  0.302058
355  0.302948
356  0.303842
357  0.304741
358  0.305645
359  0.306553
360  0.307466
361  0.308383
362  0.309305
363  0.310232
364  0.311163
365  0.312099
366  0.31304
367  0.313986
368  0.314937
369  0.315892
370  0.316853
371  0.317818
372  0.318788
373  0.319764
374  0.320744
375  0.32173
376  0.32272
377  0.323716
378  0.324716
379  0.325722
380  0.326733
381  0.32775
382  0.328772
383  0.329799
384  0.330831
385  0.302491
386  0.303383
387  0.30428
388  0.305181
389  0.306087
390  0.306997
391  0.307912
392  0.308832
393  0.309756
394  0.310685
395  0.311619
396  0.312557
397  0.3135
398  0.314449
399  0.315402
400  0.316359
401  0.317322
402  0.31829
403  0.319263
404  0.32024
405  0.321223
406  0.322211
407  0.323204
408  0.324202
409  0.325206
410  0.326214
411  0.327228
412  0.328247
413  0.329271
414  0.330301
415  0.331336
416  0.332376
417  0.303819
418  0.304718
419  0.305621
420  0.30653
421  0.307442
422  0.308359
423  0.309281
424  0.310208
425  0.311139
426  0.312075
427  0.313016
428  0.313962
429  0.314912
430  0.315868
431  0.316828
432  0.317793
433  0.318763
434  0.319738
435  0.320719
436  0.321704
437  0.322694
438  0.32369
439  0.324691
440  0.325696
441  0.326707
442  0.327724
443  0.328745
444  0.329772
445  0.330804
446  0.331842
447  0.332885
448  0.333934
449  0.305157
450  0.306063
451  0.306973
452  0.307888
453  0.308808
454  0.309732
455  0.310661
456  0.311594
457  0.312533
458  0.313476
459  0.314424
460  0.315377
461  0.316334
462  0.317297
463  0.318265
464  0.319238
465  0.320215
466  0.321198
467  0.322186
468  0.323178
469  0.324176
470  0.32518
471  0.326188
472  0.327202
473  0.32822
474  0.329245
475  0.330274
476  0.331309
477  0.332349
478  0.333395
479  0.334446
480  0.335503
481  0.306506
482  0.307418
483  0.308335
484  0.309257
485  0.310184
486  0.311115
487  0.312051
488  0.312992
489  0.313937
490  0.314887
491  0.315843
492  0.316803
493  0.317768
494  0.318738
495  0.319713
496  0.320693
497  0.321678
498  0.322669
499  0.323664
500  0.324664
501  0.32567
502  0.326681
503  0.327697
504  0.328719
505  0.329745
506  0.330778
507  0.331815
508  0.332858
509  0.333906
510  0.33496
511  0.33602
512  0.337085
513  0.307864
514  0.308784
515  0.309708
516  0.310637
517  0.31157
518  0.312508
519  0.313451
520  0.314399
521  0.315352
522  0.31631
523  0.317272
524  0.31824
525  0.319212
526  0.32019
527  0.321172
528  0.32216
529  0.323153
530  0.32415
531  0.325154
532  0.326162
533  0.327175
534  0.328194
535  0.329218
536  0.330247
537  0.331282
538  0.332322
539  0.333368
540  0.334419
541  0.335476
542  0.336538
543  0.337605
544  0.338679
545  0.309233
546  0.31016
547  0.311091
548  0.312026
549  0.312967
550  0.313912
551  0.314863
552  0.315818
553  0.316778
554  0.317743
555  0.318713
556  0.319688
557  0.320668
558  0.321653
559  0.322643
560  0.323638
561  0.324638
562  0.325644
563  0.326655
564  0.327671
565  0.328692
566  0.329719
567  0.330751
568  0.331788
569  0.332831
570  0.333879
571  0.334933
572  0.335992
573  0.337057
574  0.338127
575  0.339203
576  0.340285
577  0.310612
578  0.311546
579  0.312484
580  0.313427
581  0.314375
582  0.315327
583  0.316285
584  0.317247
585  0.318215
586  0.319187
587  0.320164
588  0.321147
589  0.322134
590  0.323127
591  0.324124
592  0.325127
593  0.326135
594  0.327149
595  0.328167
596  0.329191
597  0.330221
598  0.331255
599  0.332295
600  0.333341
601  0.334392
602  0.335448
603  0.33651
604  0.337578
605  0.338651
606  0.339729
607  0.340814
608  0.341904
609  0.312002
610  0.312943
611  0.313888
612  0.314838
613  0.315793
614  0.316753
615  0.317718
616  0.318687
617  0.319662
618  0.320642
619  0.321627
620  0.322617
621  0.323612
622  0.324612
623  0.325618
624  0.326628
625  0.327644
626  0.328666
627  0.329692
628  0.330724
629  0.331761
630  0.332804
631  0.333852
632  0.334905
633  0.335965
634  0.337029
635  0.3381
636  0.339175
637  0.340257
638  0.341344
639  0.342437
640  0.343536
641  0.313402
642  0.31435
643  0.315302
644  0.31626
645  0.317222
646  0.318189
647  0.319162
648  0.320139
649  0.321121
650  0.322108
651  0.323101
652  0.324099
653  0.325101
654  0.326109
655  0.327123
656  0.328141
657  0.329165
658  0.330194
659  0.331228
660  0.332268
661  0.333313
662  0.334364
663  0.335421
664  0.336482
665  0.33755
666  0.338623
667  0.339701
668  0.340786
669  0.341876
670  0.342971
671  0.344073
672  0.34518
673  0.314813
674  0.315768
675  0.316728
676  0.317693
677  0.318662
678  0.319637
679  0.320617
680  0.321601
681  0.322591
682  0.323586
683  0.324586
684  0.325592
685  0.326602
686  0.327618
687  0.328639
688  0.329665
689  0.330697
690  0.331734
691  0.332777
692  0.333825
693  0.334878
694  0.335937
695  0.337002
696  0.338072
697  0.339147
698  0.340229
699  0.341316
700  0.342409
701  0.343507
702  0.344611
703  0.345722
704  0.346838
705  0.316235
706  0.317197
707  0.318164
708  0.319136
709  0.320113
710  0.321096
711  0.322083
712  0.323075
713  0.324073
714  0.325075
715  0.326083
716  0.327096
717  0.328114
718  0.329138
719  0.330167
720  0.331201
721  0.332241
722  0.333286
723  0.334337
724  0.335393
725  0.336455
726  0.337522
727  0.338595
728  0.339673
729  0.340757
730  0.341847
731  0.342943
732  0.344044
733  0.345151
734  0.346265
735  0.347383
736  0.348508
737  0.317668
738  0.318637
739  0.319612
740  0.320591
741  0.321576
742  0.322565
743  0.32356
744  0.32456
745  0.325565
746  0.326576
747  0.327591
748  0.328612
749  0.329638
750  0.33067
751  0.331707
752  0.332749
753  0.333797
754  0.334851
755  0.33591
756  0.336974
757  0.338044
758  0.339119
759  0.340201
760  0.341287
761  0.34238
762  0.343479
763  0.344583
764  0.345693
765  0.346809
766  0.347931
767  0.349058
768  0.350192
769  0.319111
770  0.320088
771  0.32107
772  0.322057
773  0.323049
774  0.324047
775  0.325049
776  0.326057
777  0.32707
778  0.328088
779  0.329111
780  0.33014
781  0.331175
782  0.332214
783  0.333259
784  0.33431
785  0.335366
786  0.336427
787  0.337494
788  0.338567
789  0.339645
790  0.340729
791  0.341819
792  0.342914
793  0.344016
794  0.345123
795  0.346236
796  0.347354
797  0.348479
798  0.34961
799  0.350746
800  0.351889
801  0.320566
802  0.32155
803  0.32254
804  0.323534
805  0.324534
806  0.325539
807  0.326549
808  0.327565
809  0.328586
810  0.329612
811  0.330643
812  0.33168
813  0.332722
814  0.33377
815  0.334823
816  0.335882
817  0.336946
818  0.338016
819  0.339091
820  0.340172
821  0.341259
822  0.342352
823  0.34345
824  0.344554
825  0.345664
826  0.34678
827  0.347901
828  0.349029
829  0.350162
830  0.351302
831  0.352448
832  0.353599
833  0.322031
834  0.323023
835  0.324021
836  0.325023
837  0.326031
838  0.327043
839  0.328062
840  0.329085
841  0.330114
842  0.331147
843  0.332187
844  0.333232
845  0.334282
846  0.335338
847  0.3364
848  0.337466
849  0.338539
850  0.339617
851  0.340701
852  0.341791
853  0.342886
854  0.343987
855  0.345094
856  0.346207
857  0.347325
858  0.34845
859  0.34958
860  0.350717
861  0.351859
862  0.353008
863  0.354162
864  0.355323
865  0.323509
866  0.324508
867  0.325513
868  0.326523
869  0.327539
870  0.328559
871  0.329585
872  0.330616
873  0.331653
874  0.332695
875  0.333743
876  0.334796
877  0.335854
878  0.336919
879  0.337988
880  0.339063
881  0.340144
882  0.341231
883  0.342323
884  0.343421
885  0.344525
886  0.345635
887  0.346751
888  0.347872
889  0.348999
890  0.350133
891  0.351273
892  0.352418
893  0.353569
894  0.354727
895  0.355891
896  0.357061
897  0.324997
898  0.326004
899  0.327017
900  0.328035
901  0.329058
902  0.330087
903  0.331121
904  0.33216
905  0.333205
906  0.334255
907  0.335311
908  0.336372
909  0.337439
910  0.338511
911  0.339589
912  0.340673
913  0.341762
914  0.342857
915  0.343958
916  0.345065
917  0.346178
918  0.347296
919  0.34842
920  0.349551
921  0.350687
922  0.351829
923  0.352978
924  0.354132
925  0.355293
926  0.35646
927  0.357633
928  0.358812
929  0.326497
930  0.327512
931  0.328533
932  0.329558
933  0.33059
934  0.331626
935  0.332668
936  0.333716
937  0.334768
938  0.335827
939  0.336891
940  0.33796
941  0.339035
942  0.340116
943  0.341203
944  0.342295
945  0.343393
946  0.344497
947  0.345606
948  0.346722
949  0.347843
950  0.34897
951  0.350103
952  0.351243
953  0.352388
954  0.353539
955  0.354697
956  0.35586
957  0.35703
958  0.358206
959  0.359389
960  0.360577
961  0.328009
962  0.329032
963  0.33006
964  0.331094
965  0.332133
966  0.333178
967  0.334228
968  0.335283
969  0.336344
970  0.337411
971  0.338483
972  0.339561
973  0.340645
974  0.341734
975  0.342829
976  0.34393
977  0.345036
978  0.346149
979  0.347267
980  0.348391
981  0.349521
982  0.350658
983  0.3518
984  0.352948
985  0.354102
986  0.355263
987  0.356429
988  0.357602
989  0.358781
990  0.359967
991  0.361158
992  0.362356
993  0.329532
994  0.330563
995  0.331599
996  0.332641
997  0.333688
998  0.334741
999  0.335799
1000  0.336863
1001  0.337932
1002  0.339007
1003  0.340088
1004  0.341174
1005  0.342267
1006  0.343364
1007  0.344468
1008  0.345577
1009  0.346693
1010  0.347814
1011  0.348941
1012  0.350074
1013  0.351213
1014  0.352358
1015  0.35351
1016  0.354667
1017  0.35583
1018  0.357
1019  0.358176
1020  0.359358
1021  0.360546
1022  0.361741
1023  0.362942
1024  0.364149
1025  0.331067
1026  0.332106
1027  0.33315
1028  0.3342
1029  0.335256
1030  0.336317
1031  0.337383
1032  0.338455
1033  0.339533
1034  0.340617
1035  0.341706
1036  0.342801
1037  0.343901
1038  0.345008
1039  0.34612
1040  0.347238
1041  0.348362
1042  0.349492
1043  0.350628
1044  0.35177
1045  0.352918
1046  0.354072
1047  0.355233
1048  0.356399
1049  0.357572
1050  0.358751
1051  0.359936
1052  0.361127
1053  0.362325
1054  0.363529
1055  0.36474
1056  0.365957
1057  0.332614
1058  0.333661
1059  0.334714
1060  0.335772
1061  0.336835
1062  0.337905
1063  0.338979
1064  0.34006
1065  0.341146
1066  0.342238
1067  0.343336
1068  0.344439
1069  0.345549
1070  0.346664
1071  0.347785
1072  0.348912
1073  0.350045
1074  0.351183
1075  0.352328
1076  0.353479
1077  0.354637
1078  0.3558
1079  0.356969
1080  0.358145
1081  0.359327
1082  0.360515
1083  0.36171
1084  0.362911
1085  0.364118
1086  0.365332
1087  0.366552
1088  0.367779
1089  0.334173
1090  0.335228
1091  0.336289
1092  0.337356
1093  0.338427
1094  0.339505
1095  0.340588
1096  0.341677
1097  0.342772
1098  0.343872
1099  0.344979
1100  0.346091
1101  0.347209
1102  0.348333
1103  0.349463
1104  0.350598
1105  0.35174
1106  0.352888
1107  0.354042
1108  0.355202
1109  0.356369
1110  0.357541
1111  0.35872
1112  0.359905
1113  0.361096
1114  0.362294
1115  0.363498
1116  0.364708
1117  0.365925
1118  0.367149
1119  0.368379
1120  0.369615
1121  0.335744
1122  0.336808
1123  0.337877
1124  0.338952
1125  0.340032
1126  0.341118
1127  0.34221
1128  0.343307
1129  0.344411
1130  0.34552
1131  0.346635
1132  0.347756
1133  0.348882
1134  0.350015
1135  0.351154
1136  0.352299
1137  0.353449
1138  0.354606
1139  0.35577
1140  0.356939
1141  0.358114
1142  0.359296
1143  0.360484
1144  0.361679
1145  0.36288
1146  0.364087
1147  0.3653
1148  0.36652
1149  0.367747
1150  0.36898
1151  0.37022
1152  0.371466
1153  0.337328
1154  0.3384
1155  0.339477
1156  0.34056
1157  0.341649
1158  0.342743
1159  0.343844
1160  0.34495
1161  0.346062
1162  0.34718
1163  0.348304
1164  0.349433
1165  0.350569
1166  0.351711
1167  0.352858
1168  0.354012
1169  0.355172
1170  0.356338
1171  0.357511
1172  0.358689
1173  0.359874
1174  0.361065
1175  0.362263
1176  0.363467
1177  0.364677
1178  0.365894
1179  0.367117
1180  0.368347
1181  0.369583
1182  0.370826
1183  0.372076
1184  0.373332
1185  0.338924
1186  0.340004
1187  0.34109
1188  0.342181
1189  0.343279
1190  0.344382
1191  0.345491
1192  0.346606
1193  0.347726
1194  0.348853
1195  0.349986
1196  0.351124
1197  0.352269
1198  0.35342
1199  0.354576
1200  0.355739
1201  0.356909
1202  0.358084
1203  0.359265
1204  0.360453
1205  0.361648
1206  0.362848
1207  0.364055
1208  0.365269
1209  0.366489
1210  0.367715
1211  0.368948
1212  0.370188
1213  0.371434
1214  0.372687
1215  0.373946
1216  0.375212
1217  0.340532
1218  0.341621
1219  0.342715
1220  0.343815
1221  0.344921
1222  0.346033
1223  0.347151
1224  0.348274
1225  0.349404
1226  0.350539
1227  0.351681
1228  0.352829
1229  0.353982
1230  0.355142
1231  0.356308
1232  0.35748
1233  0.358659
1234  0.359843
1235  0.361034
1236  0.362232
1237  0.363435
1238  0.364645
1239  0.365862
1240  0.367085
1241  0.368315
1242  0.369551
1243  0.370794
1244  0.372043
1245  0.373299
1246  0.374562
1247  0.375832
1248  0.377108
1249  0.342153
1250  0.34325
1251  0.344353
1252  0.345462
1253  0.346577
1254  0.347697
1255  0.348824
1256  0.349956
1257  0.351095
1258  0.352239
1259  0.35339
1260  0.354546
1261  0.355709
1262  0.356878
1263  0.358053
1264  0.359235
1265  0.360422
1266  0.361617
1267  0.362817
1268  0.364024
1269  0.365237
1270  0.366457
1271  0.367683
1272  0.368916
1273  0.370155
1274  0.371401
1275  0.372654
1276  0.373913
1277  0.375179
1278  0.376452
1279  0.377732
1280  0.379019
1281  0.343787
1282  0.344892
1283  0.346004
1284  0.347122
1285  0.348245
1286  0.349374
1287  0.35051
1288  0.351651
1289  0.352799
1290  0.353952
1291  0.355112
1292  0.356278
1293  0.35745
1294  0.358628
1295  0.359812
1296  0.361003
1297  0.3622
1298  0.363404
1299  0.364614
1300  0.36583
1301  0.367053
1302  0.368283
1303  0.369519
1304  0.370761
1305  0.372011
1306  0.373266
1307  0.374529
1308  0.375798
1309  0.377075
1310  0.378358
1311  0.379647
1312  0.380944
1313  0.345433
1314  0.346548
1315  0.347668
1316  0.348794
1317  0.349927
1318  0.351065
1319  0.352209
1320  0.35336
1321  0.354516
1322  0.355679
1323  0.356848
1324  0.358023
1325  0.359204
1326  0.360392
1327  0.361585
1328  0.362786
1329  0.363992
1330  0.365205
1331  0.366425
1332  0.367651
1333  0.368884
1334  0.370123
1335  0.371369
1336  0.372621
1337  0.37388
1338  0.375146
1339  0.376419
1340  0.377699
1341  0.378985
1342  0.380278
1343  0.381578
1344  0.382885
1345  0.347093
1346  0.348216
1347  0.349345
1348  0.35048
1349  0.351621
1350  0.352769
1351  0.353922
1352  0.355082
1353  0.356247
1354  0.357419
1355  0.358597
1356  0.359782
1357  0.360972
1358  0.362169
1359  0.363373
1360  0.364582
1361  0.365799
1362  0.367021
1363  0.368251
1364  0.369487
1365  0.370729
1366  0.371978
1367  0.373234
1368  0.374496
1369  0.375765
1370  0.377041
1371  0.378324
1372  0.379614
1373  0.380911
1374  0.382214
1375  0.383524
1376  0.384842
1377  0.348765
1378  0.349897
1379  0.351035
1380  0.35218
1381  0.35333
1382  0.354486
1383  0.355649
1384  0.356817
1385  0.357992
1386  0.359173
1387  0.360361
1388  0.361554
1389  0.362755
1390  0.363961
1391  0.365174
1392  0.366393
1393  0.367619
1394  0.368852
1395  0.370091
1396  0.371337
1397  0.372589
1398  0.373848
1399  0.375113
1400  0.376386
1401  0.377665
1402  0.378951
1403  0.380245
1404  0.381544
1405  0.382851
1406  0.384165
1407  0.385486
1408  0.386814
1409  0.350451
1410  0.351592
1411  0.352739
1412  0.353892
1413  0.355052
1414  0.356217
1415  0.357389
1416  0.358567
1417  0.359751
1418  0.360941
1419  0.362138
1420  0.363342
1421  0.364551
1422  0.365767
1423  0.36699
1424  0.368219
1425  0.369454
1426  0.370697
1427  0.371946
1428  0.373201
1429  0.374463
1430  0.375732
1431  0.377008
1432  0.378291
1433  0.37958
1434  0.380877
1435  0.38218
1436  0.38349
1437  0.384808
1438  0.386132
1439  0.387463
1440  0.388802
