1  0.0661335
2  0.0663044
3  0.0664761
4  0.0666486
5  0.066822
6  0.0669962
7  0.0671712
8  0.0673471
9  0.0675239
10  0.0677015
11  0.06788
12  0.0680594
13  0.0682396
14  0.0684208
15  0.0686028
16  0.0687858
17  0.0689696
18  0.0691544
19  0.06934
20  0.0695267
21  0.0697141
22  0.0699026
23  0.070092
24  0.0702823
25  0.0704736
26  0.0706659
27  0.0708591
28  0.0710533
29  0.0712485
30  0.0714447
31  0.0716418
32  0.07184
33  0.0663879
34  0.06656
35  0.066733
36  0.0669067
37  0.0670813
38  0.0672568
39  0.0674331
40  0.0676103
41  0.0677883
42  0.0679673
43  0.0681471
44  0.0683278
45  0.0685094
46  0.0686918
47  0.0688752
48  0.0690595
49  0.0692447
50  0.0694308
51  0.0696179
52  0.0698058
53  0.0699947
54  0.0701846
55  0.0703754
56  0.0705672
57  0.0707599
58  0.0709536
59  0.0711483
60  0.0713439
61  0.0715406
62  0.0717382
63  0.0719368
64  0.0721365
65  0.0666441
66  0.0668175
67  0.0669916
68  0.0671667
69  0.0673425
70  0.0675193
71  0.0676969
72  0.0678754
73  0.0680547
74  0.068235
75  0.0684161
76  0.0685981
77  0.068781
78  0.0689648
79  0.0691496
80  0.0693352
81  0.0695218
82  0.0697093
83  0.0698977
84  0.0700871
85  0.0702774
86  0.0704687
87  0.0706609
88  0.0708541
89  0.0710483
90  0.0712434
91  0.0714396
92  0.0716367
93  0.0718348
94  0.0720339
95  0.072234
96  0.0724352
97  0.0669022
98  0.0670768
99  0.0672522
100  0.0674285
101  0.0676057
102  0.0677837
103  0.0679626
104  0.0681424
105  0.0683231
106  0.0685046
107  0.0686871
108  0.0688704
109  0.0690547
110  0.0692399
111  0.0694259
112  0.069613
113  0.0698009
114  0.0699898
115  0.0701797
116  0.0703705
117  0.0705622
118  0.0707549
119  0.0709486
120  0.0711432
121  0.0713388
122  0.0715355
123  0.071733
124  0.0719317
125  0.0721313
126  0.0723319
127  0.0725335
128  0.0727362
129  0.0671621
130  0.067338
131  0.0675147
132  0.0676923
133  0.0678707
134  0.0680501
135  0.0682303
136  0.0684114
137  0.0685934
138  0.0687763
139  0.06896
140  0.0691447
141  0.0693304
142  0.069517
143  0.0697044
144  0.0698928
145  0.0700822
146  0.0702725
147  0.0704637
148  0.0706559
149  0.0708491
150  0.0710432
151  0.0712383
152  0.0714345
153  0.0716316
154  0.0718297
155  0.0720288
156  0.0722289
157  0.07243
158  0.0726321
159  0.0728353
160  0.0730395
161  0.067424
162  0.067601
163  0.0677791
164  0.0679579
165  0.0681378
166  0.0683184
167  0.0684999
168  0.0686823
169  0.0688657
170  0.0690499
171  0.0692351
172  0.0694211
173  0.0696081
174  0.069796
175  0.0699849
176  0.0701747
177  0.0703655
178  0.0705572
179  0.0707499
180  0.0709435
181  0.0711381
182  0.0713338
183  0.0715303
184  0.0717279
185  0.0719265
186  0.0721261
187  0.0723267
188  0.0725283
189  0.072731
190  0.0729346
191  0.0731394
192  0.0733451
193  0.0676877
194  0.0678661
195  0.0680454
196  0.0682256
197  0.0684067
198  0.0685886
199  0.0687715
200  0.0689553
201  0.06914
202  0.0693256
203  0.0695121
204  0.0696995
205  0.0698879
206  0.0700772
207  0.0702675
208  0.0704587
209  0.0706509
210  0.0708441
211  0.0710382
212  0.0712333
213  0.0714294
214  0.0716264
215  0.0718245
216  0.0720236
217  0.0722237
218  0.0724247
219  0.0726269
220  0.07283
221  0.0730342
222  0.0732395
223  0.0734457
224  0.0736531
225  0.0679533
226  0.0681331
227  0.0683137
228  0.0684952
229  0.0686776
230  0.0688609
231  0.0690451
232  0.0692303
233  0.0694163
234  0.0696033
235  0.0697912
236  0.06998
237  0.0701698
238  0.0703605
239  0.0705522
240  0.0707449
241  0.0709385
242  0.0711331
243  0.0713287
244  0.0715252
245  0.0717228
246  0.0719214
247  0.0721209
248  0.0723215
249  0.0725231
250  0.0727257
251  0.0729293
252  0.073134
253  0.0733398
254  0.0735466
255  0.0737544
256  0.0739634
257  0.0682209
258  0.068402
259  0.0685839
260  0.0687668
261  0.0689505
262  0.0691352
263  0.0693207
264  0.0695072
265  0.0696947
266  0.069883
267  0.0700723
268  0.0702626
269  0.0704538
270  0.0706459
271  0.070839
272  0.0710332
273  0.0712282
274  0.0714243
275  0.0716213
276  0.0718193
277  0.0720184
278  0.0722185
279  0.0724195
280  0.0726216
281  0.0728247
282  0.0730289
283  0.0732341
284  0.0734404
285  0.0736477
286  0.0738561
287  0.0740655
288  0.074276
289  0.0684904
290  0.0686728
291  0.0688561
292  0.0690403
293  0.0692254
294  0.0694114
295  0.0695984
296  0.0697863
297  0.0699751
298  0.0701648
299  0.0703555
300  0.0705472
301  0.0707398
302  0.0709335
303  0.071128
304  0.0713236
305  0.0715201
306  0.0717176
307  0.0719162
308  0.0721157
309  0.0723162
310  0.0725178
311  0.0727204
312  0.0729241
313  0.0731287
314  0.0733344
315  0.0735412
316  0.0737491
317  0.0739579
318  0.0741679
319  0.074379
320  0.0745911
321  0.068762
322  0.0689457
323  0.0691304
324  0.0693159
325  0.0695024
326  0.0696898
327  0.0698781
328  0.0700674
329  0.0702576
330  0.0704488
331  0.0706409
332  0.070834
333  0.0710281
334  0.0712231
335  0.0714191
336  0.0716162
337  0.0718142
338  0.0720132
339  0.0722132
340  0.0724143
341  0.0726164
342  0.0728195
343  0.0730236
344  0.0732288
345  0.073435
346  0.0736423
347  0.0738506
348  0.07406
349  0.0742706
350  0.0744821
351  0.0746948
352  0.0749086
353  0.0690355
354  0.0692206
355  0.0694066
356  0.0695935
357  0.0697814
358  0.0699702
359  0.0701599
360  0.0703506
361  0.0705423
362  0.0707348
363  0.0709284
364  0.0711229
365  0.0713185
366  0.071515
367  0.0717125
368  0.071911
369  0.0721105
370  0.072311
371  0.0725126
372  0.0727151
373  0.0729187
374  0.0731234
375  0.0733291
376  0.0735358
377  0.0737436
378  0.0739525
379  0.0741624
380  0.0743734
381  0.0745856
382  0.0747988
383  0.0750131
384  0.0752285
385  0.0693111
386  0.0694975
387  0.0696849
388  0.0698732
389  0.0700625
390  0.0702527
391  0.0704438
392  0.0706359
393  0.070829
394  0.071023
395  0.0712181
396  0.071414
397  0.0716111
398  0.0718091
399  0.0720081
400  0.072208
401  0.0724091
402  0.0726111
403  0.0728142
404  0.0730183
405  0.0732235
406  0.0734297
407  0.0736369
408  0.0738452
409  0.0740546
410  0.0742651
411  0.0744766
412  0.0746893
413  0.074903
414  0.0751179
415  0.0753338
416  0.0755509
417  0.0695887
418  0.0697765
419  0.0699653
420  0.070155
421  0.0703456
422  0.0705373
423  0.0707298
424  0.0709234
425  0.0711179
426  0.0713134
427  0.0715099
428  0.0717074
429  0.0719059
430  0.0721053
431  0.0723058
432  0.0725073
433  0.0727099
434  0.0729134
435  0.0731181
436  0.0733237
437  0.0735304
438  0.0737382
439  0.0739471
440  0.074157
441  0.074368
442  0.07458
443  0.0747932
444  0.0750075
445  0.0752229
446  0.0754394
447  0.075657
448  0.0758758
449  0.0698683
450  0.0700575
451  0.0702477
452  0.0704388
453  0.070631
454  0.070824
455  0.071018
456  0.071213
457  0.071409
458  0.0716059
459  0.0718039
460  0.0720029
461  0.0722028
462  0.0724039
463  0.0726059
464  0.0728089
465  0.073013
466  0.0732181
467  0.0734243
468  0.0736315
469  0.0738398
470  0.0740492
471  0.0742596
472  0.0744711
473  0.0746837
474  0.0748974
475  0.0751123
476  0.0753282
477  0.0755452
478  0.0757634
479  0.0759827
480  0.0762032
481  0.0701501
482  0.0703407
483  0.0705322
484  0.0707248
485  0.0709184
486  0.0711129
487  0.0713083
488  0.0715048
489  0.0717022
490  0.0719007
491  0.0721001
492  0.0723006
493  0.0725021
494  0.0727046
495  0.0729082
496  0.0731128
497  0.0733184
498  0.0735251
499  0.0737328
500  0.0739416
501  0.0741515
502  0.0743625
503  0.0745745
504  0.0747877
505  0.0750019
506  0.0752173
507  0.0754338
508  0.0756513
509  0.0758701
510  0.0760899
511  0.0763109
512  0.0765331
513  0.0704339
514  0.0706259
515  0.070819
516  0.0710129
517  0.0712079
518  0.0714039
519  0.0716008
520  0.0717988
521  0.0719977
522  0.0721977
523  0.0723986
524  0.0726006
525  0.0728036
526  0.0730077
527  0.0732128
528  0.0734189
529  0.0736261
530  0.0738344
531  0.0740437
532  0.0742541
533  0.0744656
534  0.0746782
535  0.0748919
536  0.0751067
537  0.0753226
538  0.0755396
539  0.0757577
540  0.075977
541  0.0761975
542  0.076419
543  0.0766417
544  0.0768656
545  0.0707198
546  0.0709133
547  0.0711078
548  0.0713032
549  0.0714997
550  0.0716971
551  0.0718955
552  0.0720949
553  0.0722954
554  0.0724969
555  0.0726993
556  0.0729029
557  0.0731074
558  0.073313
559  0.0735197
560  0.0737274
561  0.0739362
562  0.0741461
563  0.074357
564  0.074569
565  0.0747821
566  0.0749964
567  0.0752117
568  0.0754281
569  0.0756457
570  0.0758644
571  0.0760842
572  0.0763052
573  0.0765273
574  0.0767506
575  0.0769751
576  0.0772007
577  0.0710079
578  0.0712028
579  0.0713988
580  0.0715957
581  0.0717936
582  0.0719925
583  0.0721924
584  0.0723934
585  0.0725954
586  0.0727983
587  0.0730024
588  0.0732075
589  0.0734136
590  0.0736207
591  0.073829
592  0.0740383
593  0.0742486
594  0.0744601
595  0.0746727
596  0.0748863
597  0.0751011
598  0.075317
599  0.075534
600  0.0757521
601  0.0759713
602  0.0761917
603  0.0764132
604  0.0766359
605  0.0768598
606  0.0770848
607  0.077311
608  0.0775384
609  0.0712981
610  0.0714945
611  0.071692
612  0.0718904
613  0.0720897
614  0.0722902
615  0.0724916
616  0.0726941
617  0.0728976
618  0.0731021
619  0.0733077
620  0.0735143
621  0.073722
622  0.0739308
623  0.0741406
624  0.0743515
625  0.0745635
626  0.0747766
627  0.0749908
628  0.0752061
629  0.0754225
630  0.07564
631  0.0758587
632  0.0760785
633  0.0762995
634  0.0765216
635  0.0767448
636  0.0769692
637  0.0771948
638  0.0774216
639  0.0776496
640  0.0778788
641  0.0715906
642  0.0717885
643  0.0719873
644  0.0721873
645  0.0723881
646  0.0725901
647  0.072793
648  0.0729971
649  0.0732021
650  0.0734082
651  0.0736153
652  0.0738235
653  0.0740328
654  0.0742432
655  0.0744546
656  0.0746671
657  0.0748808
658  0.0750955
659  0.0753113
660  0.0755283
661  0.0757464
662  0.0759656
663  0.076186
664  0.0764075
665  0.0766302
666  0.076854
667  0.077079
668  0.0773051
669  0.0775325
670  0.077761
671  0.0779908
672  0.0782217
673  0.0718852
674  0.0720846
675  0.072285
676  0.0724864
677  0.0726888
678  0.0728923
679  0.0730968
680  0.0733023
681  0.0735089
682  0.0737166
683  0.0739253
684  0.0741351
685  0.074346
686  0.074558
687  0.0747711
688  0.0749852
689  0.0752005
690  0.0754169
691  0.0756344
692  0.075853
693  0.0760728
694  0.0762937
695  0.0765158
696  0.076739
697  0.0769634
698  0.077189
699  0.0774157
700  0.0776436
701  0.0778728
702  0.0781031
703  0.0783347
704  0.0785674
705  0.072182
706  0.0723829
707  0.0725848
708  0.0727878
709  0.0729918
710  0.0731968
711  0.0734028
712  0.07361
713  0.0738181
714  0.0740274
715  0.0742377
716  0.0744491
717  0.0746616
718  0.0748752
719  0.0750899
720  0.0753057
721  0.0755227
722  0.0757407
723  0.0759599
724  0.0761802
725  0.0764017
726  0.0766243
727  0.0768481
728  0.0770731
729  0.0772993
730  0.0775266
731  0.0777551
732  0.0779848
733  0.0782157
734  0.0784479
735  0.0786813
736  0.0789158
737  0.0724811
738  0.0726836
739  0.072887
740  0.0730915
741  0.073297
742  0.0735036
743  0.0737112
744  0.0739199
745  0.0741297
746  0.0743405
747  0.0745525
748  0.0747655
749  0.0749796
750  0.0751949
751  0.0754112
752  0.0756287
753  0.0758473
754  0.0760671
755  0.076288
756  0.07651
757  0.0767332
758  0.0769576
759  0.0771831
760  0.0774098
761  0.0776377
762  0.0778668
763  0.0780971
764  0.0783287
765  0.0785614
766  0.0787953
767  0.0790305
768  0.079267
769  0.0727825
770  0.0729864
771  0.0731914
772  0.0733975
773  0.0736046
774  0.0738127
775  0.074022
776  0.0742322
777  0.0744436
778  0.0746561
779  0.0748697
780  0.0750843
781  0.0753001
782  0.075517
783  0.075735
784  0.0759542
785  0.0761745
786  0.0763959
787  0.0766185
788  0.0768423
789  0.0770672
790  0.0772934
791  0.0775207
792  0.0777491
793  0.0779788
794  0.0782097
795  0.0784418
796  0.0786752
797  0.0789097
798  0.0791456
799  0.0793826
800  0.0796209
801  0.0730861
802  0.0732916
803  0.0734982
804  0.0737058
805  0.0739145
806  0.0741242
807  0.074335
808  0.074547
809  0.07476
810  0.0749741
811  0.0751893
812  0.0754056
813  0.0756231
814  0.0758416
815  0.0760614
816  0.0762822
817  0.0765042
818  0.0767274
819  0.0769517
820  0.0771772
821  0.0774039
822  0.0776318
823  0.0778609
824  0.0780911
825  0.0783226
826  0.0785553
827  0.0787893
828  0.0790244
829  0.0792608
830  0.0794985
831  0.0797374
832  0.0799776
833  0.0733921
834  0.0735992
835  0.0738073
836  0.0740165
837  0.0742268
838  0.0744381
839  0.0746506
840  0.0748641
841  0.0750787
842  0.0752945
843  0.0755114
844  0.0757294
845  0.0759485
846  0.0761688
847  0.0763902
848  0.0766128
849  0.0768365
850  0.0770614
851  0.0772875
852  0.0775147
853  0.0777432
854  0.0779729
855  0.0782037
856  0.0784358
857  0.0786691
858  0.0789036
859  0.0791394
860  0.0793764
861  0.0796147
862  0.0798542
863  0.080095
864  0.0803371
865  0.0737004
866  0.0739091
867  0.0741188
868  0.0743296
869  0.0745414
870  0.0747544
871  0.0749685
872  0.0751837
873  0.0754
874  0.0756174
875  0.0758359
876  0.0760556
877  0.0762765
878  0.0764985
879  0.0767216
880  0.0769459
881  0.0771714
882  0.077398
883  0.0776259
884  0.0778549
885  0.0780851
886  0.0783166
887  0.0785493
888  0.0787832
889  0.0790183
890  0.0792547
891  0.0794923
892  0.0797312
893  0.0799713
894  0.0802127
895  0.0804554
896  0.0806994
897  0.074011
898  0.0742213
899  0.0744326
900  0.0746451
901  0.0748585
902  0.0750732
903  0.0752889
904  0.0755057
905  0.0757237
906  0.0759428
907  0.0761631
908  0.0763844
909  0.076607
910  0.0768307
911  0.0770556
912  0.0772816
913  0.0775088
914  0.0777372
915  0.0779669
916  0.0781977
917  0.0784298
918  0.078663
919  0.0788975
920  0.0791333
921  0.0793703
922  0.0796085
923  0.079848
924  0.0800887
925  0.0803308
926  0.0805741
927  0.0808187
928  0.0810646
929  0.0743241
930  0.0745359
931  0.0747489
932  0.0749629
933  0.0751781
934  0.0753944
935  0.0756118
936  0.0758303
937  0.0760499
938  0.0762707
939  0.0764927
940  0.0767158
941  0.0769401
942  0.0771655
943  0.0773921
944  0.0776199
945  0.0778489
946  0.0780792
947  0.0783106
948  0.0785432
949  0.0787771
950  0.0790122
951  0.0792485
952  0.0794861
953  0.079725
954  0.0799651
955  0.0802065
956  0.0804491
957  0.0806931
958  0.0809383
959  0.0811849
960  0.0814328
961  0.0746395
962  0.074853
963  0.0750676
964  0.0752833
965  0.0755001
966  0.075718
967  0.0759371
968  0.0761573
969  0.0763787
970  0.0766012
971  0.0768249
972  0.0770497
973  0.0772757
974  0.0775029
975  0.0777313
976  0.0779609
977  0.0781917
978  0.0784237
979  0.078657
980  0.0788914
981  0.0791271
982  0.0793641
983  0.0796023
984  0.0798418
985  0.0800825
986  0.0803245
987  0.0805678
988  0.0808124
989  0.0810583
990  0.0813055
991  0.081554
992  0.0818038
993  0.0749574
994  0.0751725
995  0.0753887
996  0.0756061
997  0.0758246
998  0.0760442
999  0.076265
1000  0.0764869
1001  0.07671
1002  0.0769342
1003  0.0771596
1004  0.0773862
1005  0.077614
1006  0.077843
1007  0.0780732
1008  0.0783046
1009  0.0785372
1010  0.078771
1011  0.0790061
1012  0.0792424
1013  0.0794799
1014  0.0797188
1015  0.0799589
1016  0.0802002
1017  0.0804428
1018  0.0806867
1019  0.080932
1020  0.0811785
1021  0.0814263
1022  0.0816755
1023  0.0819259
1024  0.0821778
1025  0.0752777
1026  0.0754945
1027  0.0757124
1028  0.0759314
1029  0.0761516
1030  0.0763729
1031  0.0765954
1032  0.0768191
1033  0.0770439
1034  0.0772699
1035  0.077497
1036  0.0777254
1037  0.077955
1038  0.0781857
1039  0.0784177
1040  0.0786509
1041  0.0788853
1042  0.079121
1043  0.0793579
1044  0.0795961
1045  0.0798355
1046  0.0800762
1047  0.0803182
1048  0.0805615
1049  0.080806
1050  0.0810519
1051  0.081299
1052  0.0815475
1053  0.0817973
1054  0.0820484
1055  0.0823009
1056  0.0825547
1057  0.0756004
1058  0.0758189
1059  0.0760385
1060  0.0762592
1061  0.0764811
1062  0.0767042
1063  0.0769284
1064  0.0771538
1065  0.0773803
1066  0.0776081
1067  0.077837
1068  0.0780672
1069  0.0782986
1070  0.0785312
1071  0.0787649
1072  0.079
1073  0.0792362
1074  0.0794738
1075  0.0797126
1076  0.0799526
1077  0.0801939
1078  0.0804365
1079  0.0806804
1080  0.0809256
1081  0.0811721
1082  0.0814199
1083  0.081669
1084  0.0819194
1085  0.0821712
1086  0.0824244
1087  0.0826788
1088  0.0829347
1089  0.0759257
1090  0.0761459
1091  0.0763671
1092  0.0765896
1093  0.0768132
1094  0.077038
1095  0.077264
1096  0.0774911
1097  0.0777194
1098  0.077949
1099  0.0781797
1100  0.0784116
1101  0.0786448
1102  0.0788792
1103  0.0791149
1104  0.0793518
1105  0.0795899
1106  0.0798293
1107  0.08007
1108  0.0803119
1109  0.0805551
1110  0.0807996
1111  0.0810454
1112  0.0812926
1113  0.081541
1114  0.0817908
1115  0.0820419
1116  0.0822943
1117  0.0825481
1118  0.0828032
1119  0.0830598
1120  0.0833176
1121  0.0762535
1122  0.0764754
1123  0.0766984
1124  0.0769226
1125  0.0771479
1126  0.0773744
1127  0.0776022
1128  0.0778311
1129  0.0780612
1130  0.0782925
1131  0.0785251
1132  0.0787589
1133  0.0789938
1134  0.0792301
1135  0.0794676
1136  0.0797063
1137  0.0799463
1138  0.0801876
1139  0.0804302
1140  0.0806741
1141  0.0809192
1142  0.0811656
1143  0.0814134
1144  0.0816625
1145  0.0819129
1146  0.0821647
1147  0.0824177
1148  0.0826722
1149  0.082928
1150  0.0831852
1151  0.0834438
1152  0.0837037
1153  0.0765838
1154  0.0768074
1155  0.0770322
1156  0.0772581
1157  0.0774852
1158  0.0777135
1159  0.077943
1160  0.0781737
1161  0.0784056
1162  0.0786388
1163  0.0788732
1164  0.0791087
1165  0.0793456
1166  0.0795837
1167  0.0798231
1168  0.0800637
1169  0.0803056
1170  0.0805488
1171  0.0807933
1172  0.0810391
1173  0.0812862
1174  0.0815346
1175  0.0817843
1176  0.0820353
1177  0.0822878
1178  0.0825415
1179  0.0827966
1180  0.0830531
1181  0.083311
1182  0.0835702
1183  0.0838308
1184  0.0840928
1185  0.0769167
1186  0.0771421
1187  0.0773686
1188  0.0775962
1189  0.0778251
1190  0.0780552
1191  0.0782865
1192  0.078519
1193  0.0787527
1194  0.0789877
1195  0.079224
1196  0.0794614
1197  0.0797001
1198  0.0799401
1199  0.0801814
1200  0.0804239
1201  0.0806677
1202  0.0809128
1203  0.0811592
1204  0.081407
1205  0.081656
1206  0.0819064
1207  0.0821581
1208  0.0824112
1209  0.0826656
1210  0.0829213
1211  0.0831785
1212  0.083437
1213  0.0836969
1214  0.0839582
1215  0.0842209
1216  0.084485
1217  0.0772522
1218  0.0774793
1219  0.0777076
1220  0.0779371
1221  0.0781677
1222  0.0783996
1223  0.0786327
1224  0.078867
1225  0.0791026
1226  0.0793394
1227  0.0795775
1228  0.0798169
1229  0.0800574
1230  0.0802993
1231  0.0805425
1232  0.0807869
1233  0.0810327
1234  0.0812797
1235  0.0815281
1236  0.0817778
1237  0.0820288
1238  0.0822812
1239  0.0825349
1240  0.08279
1241  0.0830464
1242  0.0833042
1243  0.0835634
1244  0.083824
1245  0.084086
1246  0.0843494
1247  0.0846142
1248  0.0848804
1249  0.0775903
1250  0.0778192
1251  0.0780492
1252  0.0782805
1253  0.078513
1254  0.0787467
1255  0.0789816
1256  0.0792178
1257  0.0794552
1258  0.0796939
1259  0.0799339
1260  0.0801751
1261  0.0804176
1262  0.0806614
1263  0.0809065
1264  0.0811528
1265  0.0814005
1266  0.0816496
1267  0.0818999
1268  0.0821516
1269  0.0824046
1270  0.082659
1271  0.0829147
1272  0.0831718
1273  0.0834303
1274  0.0836902
1275  0.0839514
1276  0.0842141
1277  0.0844782
1278  0.0847436
1279  0.0850106
1280  0.0852789
1281  0.0779311
1282  0.0781617
1283  0.0783936
1284  0.0786266
1285  0.078861
1286  0.0790965
1287  0.0793333
1288  0.0795713
1289  0.0798106
1290  0.0800512
1291  0.080293
1292  0.0805361
1293  0.0807806
1294  0.0810263
1295  0.0812733
1296  0.0815216
1297  0.0817713
1298  0.0820223
1299  0.0822746
1300  0.0825283
1301  0.0827833
1302  0.0830398
1303  0.0832975
1304  0.0835567
1305  0.0838172
1306  0.0840792
1307  0.0843425
1308  0.0846073
1309  0.0848735
1310  0.0851411
1311  0.0854101
1312  0.0856806
1313  0.0782745
1314  0.0785069
1315  0.0787406
1316  0.0789755
1317  0.0792116
1318  0.079449
1319  0.0796877
1320  0.0799276
1321  0.0801688
1322  0.0804113
1323  0.080655
1324  0.0809001
1325  0.0811464
1326  0.0813941
1327  0.0816431
1328  0.0818934
1329  0.082145
1330  0.082398
1331  0.0826524
1332  0.082908
1333  0.0831651
1334  0.0834236
1335  0.0836834
1336  0.0839446
1337  0.0842072
1338  0.0844713
1339  0.0847367
1340  0.0850036
1341  0.0852719
1342  0.0855417
1343  0.0858129
1344  0.0860855
1345  0.0786206
1346  0.0788549
1347  0.0790904
1348  0.0793271
1349  0.0795651
1350  0.0798044
1351  0.0800449
1352  0.0802867
1353  0.0805298
1354  0.0807742
1355  0.0810199
1356  0.0812669
1357  0.0815152
1358  0.0817648
1359  0.0820158
1360  0.082268
1361  0.0825217
1362  0.0827767
1363  0.0830331
1364  0.0832908
1365  0.0835499
1366  0.0838105
1367  0.0840724
1368  0.0843356
1369  0.0846004
1370  0.0848665
1371  0.0851341
1372  0.0854031
1373  0.0856736
1374  0.0859455
1375  0.0862189
1376  0.0864937
1377  0.0789694
1378  0.0792055
1379  0.0794429
1380  0.0796815
1381  0.0799214
1382  0.0801625
1383  0.080405
1384  0.0806487
1385  0.0808937
1386  0.08114
1387  0.0813876
1388  0.0816366
1389  0.0818869
1390  0.0821385
1391  0.0823914
1392  0.0826457
1393  0.0829014
1394  0.0831584
1395  0.0834169
1396  0.0836767
1397  0.0839378
1398  0.0842004
1399  0.0844644
1400  0.0847298
1401  0.0849967
1402  0.0852649
1403  0.0855347
1404  0.0858058
1405  0.0860785
1406  0.0863525
1407  0.0866281
1408  0.0869052
1409  0.0793209
1410  0.0795589
1411  0.0797982
1412  0.0800387
1413  0.0802804
1414  0.0805235
1415  0.0807679
1416  0.0810135
1417  0.0812604
1418  0.0815087
1419  0.0817583
1420  0.0820093
1421  0.0822615
1422  0.0825151
1423  0.0827701
1424  0.0830264
1425  0.0832841
1426  0.0835432
1427  0.0838037
1428  0.0840655
1429  0.0843288
1430  0.0845935
1431  0.0848596
1432  0.0851271
1433  0.0853961
1434  0.0856665
1435  0.0859384
1436  0.0862118
1437  0.0864866
1438  0.0867629
1439  0.0870406
1440  0.0873199
