1  0.216555
2  0.217155
3  0.217758
4  0.218364
5  0.218973
6  0.219585
7  0.2202
8  0.220818
9  0.221439
10  0.222064
11  0.222691
12  0.223321
13  0.223955
14  0.224592
15  0.225232
16  0.225875
17  0.226521
18  0.227171
19  0.227823
20  0.22848
21  0.229139
22  0.229802
23  0.230468
24  0.231137
25  0.23181
26  0.232486
27  0.233166
28  0.233849
29  0.234536
30  0.235226
31  0.235919
32  0.236616
33  0.217448
34  0.218053
35  0.21866
36  0.219271
37  0.219884
38  0.220501
39  0.221121
40  0.221743
41  0.222369
42  0.222998
43  0.22363
44  0.224265
45  0.224903
46  0.225544
47  0.226189
48  0.226837
49  0.227488
50  0.228143
51  0.2288
52  0.229461
53  0.230126
54  0.230793
55  0.231465
56  0.232139
57  0.232817
58  0.233498
59  0.234183
60  0.234871
61  0.235563
62  0.236258
63  0.236957
64  0.23766
65  0.218348
66  0.218957
67  0.219569
68  0.220184
69  0.220802
70  0.221423
71  0.222048
72  0.222675
73  0.223305
74  0.223938
75  0.224575
76  0.225215
77  0.225858
78  0.226504
79  0.227154
80  0.227806
81  0.228463
82  0.229122
83  0.229784
84  0.23045
85  0.23112
86  0.231792
87  0.232469
88  0.233148
89  0.233831
90  0.234518
91  0.235208
92  0.235901
93  0.236598
94  0.237299
95  0.238003
96  0.238711
97  0.219255
98  0.219868
99  0.220485
100  0.221104
101  0.221727
102  0.222353
103  0.222981
104  0.223613
105  0.224248
106  0.224886
107  0.225528
108  0.226172
109  0.22682
110  0.227471
111  0.228125
112  0.228783
113  0.229444
114  0.230108
115  0.230776
116  0.231447
117  0.232121
118  0.232799
119  0.23348
120  0.234165
121  0.234853
122  0.235545
123  0.23624
124  0.236939
125  0.237641
126  0.238347
127  0.239057
128  0.23977
129  0.220168
130  0.220786
131  0.221407
132  0.222031
133  0.222658
134  0.223289
135  0.223922
136  0.224559
137  0.225198
138  0.225841
139  0.226487
140  0.227137
141  0.227789
142  0.228446
143  0.229105
144  0.229767
145  0.230433
146  0.231102
147  0.231775
148  0.232451
149  0.233131
150  0.233814
151  0.2345
152  0.23519
153  0.235883
154  0.23658
155  0.237281
156  0.237985
157  0.238692
158  0.239404
159  0.240119
160  0.240837
161  0.221088
162  0.221711
163  0.222336
164  0.222965
165  0.223597
166  0.224232
167  0.22487
168  0.225511
169  0.226156
170  0.226803
171  0.227454
172  0.228108
173  0.228766
174  0.229427
175  0.230091
176  0.230759
177  0.23143
178  0.232104
179  0.232782
180  0.233463
181  0.234147
182  0.234835
183  0.235527
184  0.236222
185  0.236921
186  0.237623
187  0.238329
188  0.239038
189  0.239752
190  0.240468
191  0.241189
192  0.241913
193  0.222015
194  0.222642
195  0.223272
196  0.223906
197  0.224542
198  0.225182
199  0.225825
200  0.226471
201  0.22712
202  0.227772
203  0.228428
204  0.229088
205  0.22975
206  0.230416
207  0.231085
208  0.231758
209  0.232434
210  0.233113
211  0.233796
212  0.234482
213  0.235172
214  0.235865
215  0.236562
216  0.237262
217  0.237966
218  0.238674
219  0.239385
220  0.2401
221  0.240819
222  0.241541
223  0.242267
224  0.242997
225  0.222949
226  0.22358
227  0.224215
228  0.224853
229  0.225494
230  0.226139
231  0.226786
232  0.227437
233  0.228091
234  0.228749
235  0.22941
236  0.230074
237  0.230741
238  0.231412
239  0.232086
240  0.232764
241  0.233445
242  0.23413
243  0.234818
244  0.235509
245  0.236204
246  0.236903
247  0.237605
248  0.238311
249  0.23902
250  0.239733
251  0.24045
252  0.24117
253  0.241894
254  0.242622
255  0.243354
256  0.244089
257  0.223889
258  0.224526
259  0.225165
260  0.225808
261  0.226454
262  0.227103
263  0.227756
264  0.228411
265  0.22907
266  0.229733
267  0.230399
268  0.231068
269  0.23174
270  0.232416
271  0.233095
272  0.233778
273  0.234464
274  0.235154
275  0.235847
276  0.236544
277  0.237244
278  0.237948
279  0.238656
280  0.239367
281  0.240082
282  0.2408
283  0.241522
284  0.242248
285  0.242978
286  0.243711
287  0.244448
288  0.245189
289  0.224836
290  0.225478
291  0.226122
292  0.22677
293  0.22742
294  0.228074
295  0.228732
296  0.229392
297  0.230057
298  0.230724
299  0.231395
300  0.232069
301  0.232746
302  0.233427
303  0.234112
304  0.2348
305  0.235491
306  0.236186
307  0.236885
308  0.237587
309  0.238292
310  0.239002
311  0.239715
312  0.240431
313  0.241151
314  0.241875
315  0.242603
316  0.243335
317  0.24407
318  0.244809
319  0.245552
320  0.246298
321  0.225791
322  0.226437
323  0.227086
324  0.227739
325  0.228394
326  0.229053
327  0.229716
328  0.230381
329  0.23105
330  0.231722
331  0.232398
332  0.233078
333  0.23376
334  0.234446
335  0.235136
336  0.235829
337  0.236526
338  0.237226
339  0.23793
340  0.238637
341  0.239348
342  0.240063
343  0.240781
344  0.241503
345  0.242229
346  0.242959
347  0.243692
348  0.244429
349  0.24517
350  0.245915
351  0.246664
352  0.247416
353  0.226753
354  0.227404
355  0.228058
356  0.228715
357  0.229375
358  0.230039
359  0.230706
360  0.231377
361  0.232051
362  0.232729
363  0.23341
364  0.234094
365  0.234782
366  0.235473
367  0.236168
368  0.236866
369  0.237568
370  0.238274
371  0.238983
372  0.239696
373  0.240412
374  0.241133
375  0.241857
376  0.242584
377  0.243316
378  0.244051
379  0.24479
380  0.245532
381  0.246279
382  0.24703
383  0.247784
384  0.248542
385  0.227722
386  0.228377
387  0.229036
388  0.229698
389  0.230364
390  0.231033
391  0.231705
392  0.232381
393  0.23306
394  0.233742
395  0.234429
396  0.235118
397  0.235811
398  0.236508
399  0.237208
400  0.237912
401  0.238619
402  0.23933
403  0.240045
404  0.240763
405  0.241485
406  0.24221
407  0.24294
408  0.243673
409  0.24441
410  0.245151
411  0.245896
412  0.246644
413  0.247397
414  0.248153
415  0.248913
416  0.249677
417  0.228698
418  0.229358
419  0.230022
420  0.230689
421  0.23136
422  0.232034
423  0.232711
424  0.233392
425  0.234076
426  0.234764
427  0.235455
428  0.23615
429  0.236848
430  0.23755
431  0.238256
432  0.238965
433  0.239677
434  0.240394
435  0.241114
436  0.241838
437  0.242565
438  0.243297
439  0.244032
440  0.24477
441  0.245513
442  0.24626
443  0.24701
444  0.247764
445  0.248523
446  0.249285
447  0.250051
448  0.250821
449  0.229681
450  0.230347
451  0.231015
452  0.231688
453  0.232363
454  0.233042
455  0.233725
456  0.234411
457  0.2351
458  0.235793
459  0.23649
460  0.23719
461  0.237893
462  0.238601
463  0.239311
464  0.240026
465  0.240744
466  0.241466
467  0.242192
468  0.242921
469  0.243654
470  0.244391
471  0.245132
472  0.245876
473  0.246625
474  0.247377
475  0.248133
476  0.248893
477  0.249658
478  0.250426
479  0.251198
480  0.251974
481  0.230672
482  0.231342
483  0.232016
484  0.232694
485  0.233374
486  0.234058
487  0.234746
488  0.235437
489  0.236132
490  0.23683
491  0.237532
492  0.238237
493  0.238946
494  0.239659
495  0.240375
496  0.241095
497  0.241819
498  0.242546
499  0.243278
500  0.244012
501  0.244751
502  0.245494
503  0.24624
504  0.246991
505  0.247745
506  0.248503
507  0.249265
508  0.250031
509  0.250801
510  0.251575
511  0.252353
512  0.253136
513  0.23167
514  0.232346
515  0.233025
516  0.233707
517  0.234393
518  0.235082
519  0.235775
520  0.236472
521  0.237171
522  0.237875
523  0.238582
524  0.239293
525  0.240007
526  0.240725
527  0.241447
528  0.242173
529  0.242902
530  0.243635
531  0.244372
532  0.245112
533  0.245857
534  0.246605
535  0.247357
536  0.248114
537  0.248874
538  0.249638
539  0.250406
540  0.251178
541  0.251954
542  0.252734
543  0.253518
544  0.254306
545  0.232676
546  0.233356
547  0.234041
548  0.234728
549  0.235419
550  0.236114
551  0.236812
552  0.237514
553  0.238219
554  0.238928
555  0.23964
556  0.240357
557  0.241076
558  0.2418
559  0.242527
560  0.243258
561  0.243993
562  0.244732
563  0.245475
564  0.246221
565  0.246971
566  0.247725
567  0.248483
568  0.249245
569  0.250011
570  0.250781
571  0.251555
572  0.252333
573  0.253115
574  0.253901
575  0.254692
576  0.255486
577  0.233689
578  0.234375
579  0.235064
580  0.235757
581  0.236453
582  0.237153
583  0.237857
584  0.238564
585  0.239274
586  0.239989
587  0.240707
588  0.241428
589  0.242154
590  0.242883
591  0.243616
592  0.244353
593  0.245093
594  0.245838
595  0.246586
596  0.247338
597  0.248094
598  0.248854
599  0.249618
600  0.250386
601  0.251158
602  0.251934
603  0.252713
604  0.253498
605  0.254286
606  0.255078
607  0.255875
608  0.256675
609  0.23471
610  0.235401
611  0.236096
612  0.236794
613  0.237495
614  0.238201
615  0.238909
616  0.239622
617  0.240338
618  0.241058
619  0.241781
620  0.242508
621  0.243239
622  0.243974
623  0.244713
624  0.245455
625  0.246201
626  0.246952
627  0.247706
628  0.248464
629  0.249225
630  0.249991
631  0.250761
632  0.251535
633  0.252313
634  0.253095
635  0.253881
636  0.254671
637  0.255466
638  0.256264
639  0.257067
640  0.257874
641  0.235739
642  0.236435
643  0.237135
644  0.237838
645  0.238545
646  0.239256
647  0.23997
648  0.240688
649  0.24141
650  0.242135
651  0.242864
652  0.243597
653  0.244333
654  0.245074
655  0.245818
656  0.246566
657  0.247318
658  0.248074
659  0.248834
660  0.249598
661  0.250366
662  0.251137
663  0.251913
664  0.252693
665  0.253477
666  0.254265
667  0.255058
668  0.255854
669  0.256654
670  0.257459
671  0.258268
672  0.259082
673  0.236776
674  0.237477
675  0.238182
676  0.238891
677  0.239603
678  0.240319
679  0.241039
680  0.241762
681  0.24249
682  0.24322
683  0.243955
684  0.244694
685  0.245436
686  0.246182
687  0.246932
688  0.247686
689  0.248444
690  0.249206
691  0.249971
692  0.250741
693  0.251515
694  0.252293
695  0.253075
696  0.253861
697  0.254651
698  0.255445
699  0.256243
700  0.257046
701  0.257853
702  0.258664
703  0.259479
704  0.260299
705  0.23782
706  0.238527
707  0.239237
708  0.239952
709  0.240669
710  0.241391
711  0.242116
712  0.242845
713  0.243578
714  0.244314
715  0.245055
716  0.245799
717  0.246547
718  0.247299
719  0.248055
720  0.248814
721  0.249578
722  0.250346
723  0.251117
724  0.251893
725  0.252673
726  0.253457
727  0.254245
728  0.255037
729  0.255833
730  0.256634
731  0.257438
732  0.258247
733  0.25906
734  0.259878
735  0.2607
736  0.261526
737  0.238873
738  0.239585
739  0.240301
740  0.24102
741  0.241744
742  0.242471
743  0.243201
744  0.243936
745  0.244674
746  0.245417
747  0.246163
748  0.246913
749  0.247666
750  0.248424
751  0.249186
752  0.249951
753  0.250721
754  0.251495
755  0.252273
756  0.253054
757  0.25384
758  0.25463
759  0.255424
760  0.256223
761  0.257025
762  0.257832
763  0.258643
764  0.259458
765  0.260278
766  0.261101
767  0.26193
768  0.262762
769  0.239933
770  0.240651
771  0.241372
772  0.242097
773  0.242826
774  0.243559
775  0.244295
776  0.245035
777  0.245779
778  0.246527
779  0.247279
780  0.248035
781  0.248795
782  0.249558
783  0.250326
784  0.251097
785  0.251873
786  0.252653
787  0.253436
788  0.254224
789  0.255016
790  0.255813
791  0.256613
792  0.257417
793  0.258226
794  0.259039
795  0.259857
796  0.260678
797  0.261504
798  0.262335
799  0.26317
800  0.264009
801  0.241002
802  0.241725
803  0.242452
804  0.243182
805  0.243917
806  0.244655
807  0.245397
808  0.246143
809  0.246893
810  0.247647
811  0.248404
812  0.249166
813  0.249932
814  0.250701
815  0.251475
816  0.252252
817  0.253034
818  0.25382
819  0.254609
820  0.255404
821  0.256202
822  0.257004
823  0.257811
824  0.258622
825  0.259437
826  0.260256
827  0.26108
828  0.261908
829  0.262741
830  0.263578
831  0.264419
832  0.265265
833  0.242078
834  0.242807
835  0.24354
836  0.244276
837  0.245016
838  0.24576
839  0.246508
840  0.24726
841  0.248015
842  0.248775
843  0.249538
844  0.250306
845  0.251077
846  0.251853
847  0.252632
848  0.253416
849  0.254204
850  0.254996
851  0.255792
852  0.256592
853  0.257397
854  0.258205
855  0.259018
856  0.259835
857  0.260657
858  0.261483
859  0.262313
860  0.263148
861  0.263987
862  0.26483
863  0.265678
864  0.266531
865  0.243163
866  0.243898
867  0.244636
868  0.245378
869  0.246124
870  0.246874
871  0.247627
872  0.248385
873  0.249146
874  0.249912
875  0.250681
876  0.251454
877  0.252232
878  0.253014
879  0.253799
880  0.254589
881  0.255383
882  0.256181
883  0.256983
884  0.25779
885  0.258601
886  0.259416
887  0.260235
888  0.261059
889  0.261887
890  0.262719
891  0.263556
892  0.264397
893  0.265243
894  0.266093
895  0.266948
896  0.267807
897  0.244257
898  0.244997
899  0.245741
900  0.246489
901  0.24724
902  0.247996
903  0.248755
904  0.249518
905  0.250286
906  0.251057
907  0.251833
908  0.252612
909  0.253396
910  0.254183
911  0.254975
912  0.255771
913  0.256571
914  0.257376
915  0.258184
916  0.258997
917  0.259814
918  0.260636
919  0.261461
920  0.262291
921  0.263126
922  0.263965
923  0.264808
924  0.265656
925  0.266509
926  0.267366
927  0.268227
928  0.269093
929  0.245359
930  0.246104
931  0.246854
932  0.247607
933  0.248365
934  0.249126
935  0.249892
936  0.250661
937  0.251434
938  0.252212
939  0.252993
940  0.253779
941  0.254568
942  0.255362
943  0.25616
944  0.256962
945  0.257769
946  0.258579
947  0.259394
948  0.260214
949  0.261037
950  0.261865
951  0.262697
952  0.263534
953  0.264375
954  0.265221
955  0.266071
956  0.266925
957  0.267785
958  0.268648
959  0.269516
960  0.270389
961  0.246469
962  0.24722
963  0.247976
964  0.248735
965  0.249499
966  0.250266
967  0.251037
968  0.251812
969  0.252592
970  0.253375
971  0.254163
972  0.254955
973  0.25575
974  0.25655
975  0.257355
976  0.258163
977  0.258976
978  0.259793
979  0.260614
980  0.26144
981  0.26227
982  0.263104
983  0.263943
984  0.264787
985  0.265634
986  0.266486
987  0.267343
988  0.268205
989  0.26907
990  0.269941
991  0.270816
992  0.271696
993  0.247588
994  0.248345
995  0.249106
996  0.249872
997  0.250641
998  0.251414
999  0.252191
1000  0.252973
1001  0.253758
1002  0.254548
1003  0.255342
1004  0.256139
1005  0.256942
1006  0.257748
1007  0.258558
1008  0.259373
1009  0.260192
1010  0.261016
1011  0.261844
1012  0.262676
1013  0.263512
1014  0.264353
1015  0.265199
1016  0.266049
1017  0.266903
1018  0.267762
1019  0.268626
1020  0.269494
1021  0.270367
1022  0.271244
1023  0.272126
1024  0.273013
1025  0.248715
1026  0.249479
1027  0.250246
1028  0.251017
1029  0.251792
1030  0.252572
1031  0.253355
1032  0.254142
1033  0.254934
1034  0.25573
1035  0.25653
1036  0.257334
1037  0.258142
1038  0.258955
1039  0.259772
1040  0.260593
1041  0.261418
1042  0.262248
1043  0.263083
1044  0.263921
1045  0.264765
1046  0.265612
1047  0.266464
1048  0.267321
1049  0.268182
1050  0.269048
1051  0.269918
1052  0.270793
1053  0.271673
1054  0.272557
1055  0.273446
1056  0.27434
1057  0.249852
1058  0.250621
1059  0.251394
1060  0.252171
1061  0.252953
1062  0.253738
1063  0.254527
1064  0.255321
1065  0.256119
1066  0.256921
1067  0.257727
1068  0.258537
1069  0.259352
1070  0.260171
1071  0.260994
1072  0.261822
1073  0.262654
1074  0.263491
1075  0.264331
1076  0.265177
1077  0.266027
1078  0.266881
1079  0.26774
1080  0.268603
1081  0.269471
1082  0.270344
1083  0.271221
1084  0.272103
1085  0.27299
1086  0.273881
1087  0.274777
1088  0.275678
1089  0.250997
1090  0.251772
1091  0.252551
1092  0.253335
1093  0.254122
1094  0.254913
1095  0.255709
1096  0.256509
1097  0.257313
1098  0.258121
1099  0.258934
1100  0.25975
1101  0.260571
1102  0.261397
1103  0.262227
1104  0.263061
1105  0.2639
1106  0.264743
1107  0.26559
1108  0.266442
1109  0.267299
1110  0.26816
1111  0.269025
1112  0.269896
1113  0.270771
1114  0.27165
1115  0.272534
1116  0.273423
1117  0.274317
1118  0.275215
1119  0.276119
1120  0.277027
1121  0.252151
1122  0.252932
1123  0.253717
1124  0.254507
1125  0.2553
1126  0.256098
1127  0.2569
1128  0.257706
1129  0.258516
1130  0.259331
1131  0.26015
1132  0.260973
1133  0.261801
1134  0.262632
1135  0.263469
1136  0.26431
1137  0.265155
1138  0.266004
1139  0.266859
1140  0.267717
1141  0.268581
1142  0.269449
1143  0.270321
1144  0.271198
1145  0.27208
1146  0.272967
1147  0.273858
1148  0.274754
1149  0.275655
1150  0.27656
1151  0.277471
1152  0.278386
1153  0.253314
1154  0.254101
1155  0.254893
1156  0.255688
1157  0.256488
1158  0.257292
1159  0.2581
1160  0.258912
1161  0.259729
1162  0.26055
1163  0.261375
1164  0.262205
1165  0.263039
1166  0.263878
1167  0.264721
1168  0.265568
1169  0.26642
1170  0.267276
1171  0.268137
1172  0.269003
1173  0.269873
1174  0.270748
1175  0.271627
1176  0.272511
1177  0.2734
1178  0.274294
1179  0.275192
1180  0.276095
1181  0.277003
1182  0.277916
1183  0.278834
1184  0.279756
1185  0.254486
1186  0.25528
1187  0.256077
1188  0.256879
1189  0.257685
1190  0.258495
1191  0.25931
1192  0.260128
1193  0.260951
1194  0.261779
1195  0.262611
1196  0.263447
1197  0.264288
1198  0.265133
1199  0.265982
1200  0.266836
1201  0.267695
1202  0.268558
1203  0.269426
1204  0.270298
1205  0.271176
1206  0.272057
1207  0.272944
1208  0.273835
1209  0.274731
1210  0.275631
1211  0.276537
1212  0.277447
1213  0.278362
1214  0.279282
1215  0.280207
1216  0.281137
1217  0.255668
1218  0.256467
1219  0.257271
1220  0.258079
1221  0.258891
1222  0.259708
1223  0.260529
1224  0.261354
1225  0.262184
1226  0.263017
1227  0.263856
1228  0.264699
1229  0.265546
1230  0.266398
1231  0.267254
1232  0.268115
1233  0.26898
1234  0.26985
1235  0.270725
1236  0.271604
1237  0.272488
1238  0.273377
1239  0.274271
1240  0.275169
1241  0.276072
1242  0.27698
1243  0.277892
1244  0.27881
1245  0.279732
1246  0.28066
1247  0.281592
1248  0.282529
1249  0.256858
1250  0.257664
1251  0.258474
1252  0.259288
1253  0.260107
1254  0.26093
1255  0.261757
1256  0.262589
1257  0.263425
1258  0.264266
1259  0.265111
1260  0.26596
1261  0.266814
1262  0.267673
1263  0.268536
1264  0.269404
1265  0.270276
1266  0.271153
1267  0.272034
1268  0.272921
1269  0.273812
1270  0.274707
1271  0.275608
1272  0.276513
1273  0.277424
1274  0.278339
1275  0.279258
1276  0.280183
1277  0.281113
1278  0.282048
1279  0.282988
1280  0.283933
1281  0.258058
1282  0.25887
1283  0.259687
1284  0.260507
1285  0.261333
1286  0.262162
1287  0.262996
1288  0.263834
1289  0.264677
1290  0.265524
1291  0.266376
1292  0.267232
1293  0.268093
1294  0.268958
1295  0.269828
1296  0.270702
1297  0.271582
1298  0.272465
1299  0.273354
1300  0.274247
1301  0.275145
1302  0.276048
1303  0.276956
1304  0.277868
1305  0.278786
1306  0.279708
1307  0.280636
1308  0.281568
1309  0.282505
1310  0.283447
1311  0.284394
1312  0.285347
1313  0.259267
1314  0.260086
1315  0.260909
1316  0.261736
1317  0.262567
1318  0.263403
1319  0.264244
1320  0.265089
1321  0.265938
1322  0.266792
1323  0.26765
1324  0.268513
1325  0.269381
1326  0.270253
1327  0.27113
1328  0.272011
1329  0.272898
1330  0.273788
1331  0.274684
1332  0.275584
1333  0.27649
1334  0.2774
1335  0.278315
1336  0.279234
1337  0.280159
1338  0.281089
1339  0.282024
1340  0.282963
1341  0.283908
1342  0.284858
1343  0.285812
1344  0.286772
1345  0.260486
1346  0.261311
1347  0.26214
1348  0.262974
1349  0.263812
1350  0.264655
1351  0.265502
1352  0.266353
1353  0.26721
1354  0.26807
1355  0.268935
1356  0.269805
1357  0.27068
1358  0.271559
1359  0.272442
1360  0.273331
1361  0.274224
1362  0.275122
1363  0.276025
1364  0.276932
1365  0.277845
1366  0.278762
1367  0.279684
1368  0.280611
1369  0.281543
1370  0.282481
1371  0.283423
1372  0.28437
1373  0.285322
1374  0.286279
1375  0.287242
1376  0.288209
1377  0.261714
1378  0.262546
1379  0.263382
1380  0.264222
1381  0.265067
1382  0.265916
1383  0.26677
1384  0.267628
1385  0.268491
1386  0.269358
1387  0.27023
1388  0.271107
1389  0.271989
1390  0.272875
1391  0.273765
1392  0.274661
1393  0.275561
1394  0.276466
1395  0.277376
1396  0.278291
1397  0.279211
1398  0.280135
1399  0.281065
1400  0.281999
1401  0.282939
1402  0.283883
1403  0.284833
1404  0.285787
1405  0.286747
1406  0.287712
1407  0.288682
1408  0.289657
1409  0.262952
1410  0.263791
1411  0.264633
1412  0.26548
1413  0.266331
1414  0.267187
1415  0.268048
1416  0.268913
1417  0.269782
1418  0.270657
1419  0.271536
1420  0.27242
1421  0.273308
1422  0.274201
1423  0.275099
1424  0.276001
1425  0.276909
1426  0.277821
1427  0.278738
1428  0.27966
1429  0.280587
1430  0.281519
1431  0.282456
1432  0.283398
1433  0.284345
1434  0.285297
1435  0.286254
1436  0.287217
1437  0.288184
1438  0.289157
1439  0.290134
1440  0.291117
