1  0.380286
2  0.38138
3  0.382479
4  0.383583
5  0.384692
6  0.385806
7  0.386925
8  0.38805
9  0.389179
10  0.390314
11  0.391455
12  0.3926
13  0.393751
14  0.394907
15  0.396069
16  0.397236
17  0.398409
18  0.399587
19  0.40077
20  0.40196
21  0.403154
22  0.404355
23  0.40556
24  0.406772
25  0.407989
26  0.409212
27  0.410441
28  0.411676
29  0.412916
30  0.414162
31  0.415414
32  0.416672
33  0.381914
34  0.383016
35  0.384122
36  0.385234
37  0.38635
38  0.387472
39  0.388599
40  0.389731
41  0.390869
42  0.392012
43  0.39316
44  0.394314
45  0.395472
46  0.396637
47  0.397806
48  0.398982
49  0.400162
50  0.401349
51  0.402541
52  0.403738
53  0.404941
54  0.40615
55  0.407364
56  0.408584
57  0.40981
58  0.411041
59  0.412279
60  0.413522
61  0.414771
62  0.416026
63  0.417287
64  0.418554
65  0.383554
66  0.384663
67  0.385777
68  0.386896
69  0.38802
70  0.38915
71  0.390285
72  0.391425
73  0.39257
74  0.393721
75  0.394877
76  0.396039
77  0.397206
78  0.398378
79  0.399556
80  0.40074
81  0.401929
82  0.403123
83  0.404323
84  0.405529
85  0.406741
86  0.407958
87  0.409181
88  0.410409
89  0.411643
90  0.412884
91  0.41413
92  0.415382
93  0.416639
94  0.417903
95  0.419172
96  0.420448
97  0.385205
98  0.386321
99  0.387443
100  0.38857
101  0.389702
102  0.390839
103  0.391982
104  0.39313
105  0.394283
106  0.395442
107  0.396607
108  0.397776
109  0.398951
110  0.400132
111  0.401318
112  0.40251
113  0.403707
114  0.40491
115  0.406118
116  0.407333
117  0.408553
118  0.409778
119  0.41101
120  0.412247
121  0.41349
122  0.414739
123  0.415993
124  0.417254
125  0.41852
126  0.419793
127  0.421071
128  0.422356
129  0.386867
130  0.387991
131  0.38912
132  0.390255
133  0.391395
134  0.392541
135  0.393691
136  0.394847
137  0.396009
138  0.397175
139  0.398348
140  0.399525
141  0.400709
142  0.401898
143  0.403092
144  0.404292
145  0.405498
146  0.406709
147  0.407926
148  0.409149
149  0.410377
150  0.411611
151  0.412851
152  0.414097
153  0.415349
154  0.416606
155  0.41787
156  0.419139
157  0.420415
158  0.421696
159  0.422984
160  0.424277
161  0.388541
162  0.389672
163  0.39081
164  0.391952
165  0.3931
166  0.394253
167  0.395412
168  0.396576
169  0.397746
170  0.398921
171  0.400101
172  0.401287
173  0.402479
174  0.403676
175  0.404878
176  0.406087
177  0.407301
178  0.408521
179  0.409746
180  0.410977
181  0.412215
182  0.413457
183  0.414706
184  0.415961
185  0.417221
186  0.418488
187  0.41976
188  0.421038
189  0.422323
190  0.423613
191  0.42491
192  0.426212
193  0.390226
194  0.391366
195  0.392511
196  0.393661
197  0.394817
198  0.395978
199  0.397145
200  0.398317
201  0.399495
202  0.400678
203  0.401867
204  0.403061
205  0.404261
206  0.405466
207  0.406678
208  0.407894
209  0.409117
210  0.410345
211  0.411579
212  0.412819
213  0.414065
214  0.415316
215  0.416574
216  0.417837
217  0.419106
218  0.420382
219  0.421663
220  0.42295
221  0.424244
222  0.425543
223  0.426849
224  0.42816
225  0.391923
226  0.39307
227  0.394224
228  0.395382
229  0.396546
230  0.397715
231  0.39889
232  0.400071
233  0.401256
234  0.402448
235  0.403645
236  0.404847
237  0.406056
238  0.407269
239  0.408489
240  0.409714
241  0.410946
242  0.412182
243  0.413425
244  0.414674
245  0.415928
246  0.417188
247  0.418455
248  0.419727
249  0.421005
250  0.422289
251  0.423579
252  0.424876
253  0.426178
254  0.427487
255  0.428802
256  0.430123
257  0.393631
258  0.394787
259  0.395948
260  0.397115
261  0.398287
262  0.399464
263  0.400647
264  0.401836
265  0.40303
266  0.40423
267  0.405435
268  0.406646
269  0.407863
270  0.409085
271  0.410313
272  0.411547
273  0.412787
274  0.414032
275  0.415284
276  0.416541
277  0.417804
278  0.419074
279  0.420349
280  0.42163
281  0.422917
282  0.42421
283  0.42551
284  0.426815
285  0.428126
286  0.429444
287  0.430768
288  0.432098
289  0.395352
290  0.396516
291  0.397685
292  0.39886
293  0.40004
294  0.401225
295  0.402417
296  0.403613
297  0.404816
298  0.406024
299  0.407238
300  0.408457
301  0.409682
302  0.410914
303  0.41215
304  0.413393
305  0.414641
306  0.415895
307  0.417156
308  0.418422
309  0.419694
310  0.420972
311  0.422256
312  0.423546
313  0.424842
314  0.426144
315  0.427453
316  0.428768
317  0.430088
318  0.431415
319  0.432749
320  0.434088
321  0.397084
322  0.398256
323  0.399434
324  0.400617
325  0.401805
326  0.402999
327  0.404199
328  0.405404
329  0.406615
330  0.407831
331  0.409053
332  0.410281
333  0.411515
334  0.412755
335  0.414
336  0.415251
337  0.416508
338  0.417771
339  0.41904
340  0.420315
341  0.421596
342  0.422883
343  0.424177
344  0.425475
345  0.426781
346  0.428092
347  0.42941
348  0.430734
349  0.432064
350  0.4334
351  0.434743
352  0.436092
353  0.398829
354  0.400009
355  0.401195
356  0.402386
357  0.403583
358  0.404785
359  0.405993
360  0.407206
361  0.408426
362  0.409651
363  0.410881
364  0.412118
365  0.41336
366  0.414609
367  0.415863
368  0.417123
369  0.418389
370  0.419661
371  0.420938
372  0.422222
373  0.423512
374  0.424808
375  0.426111
376  0.427419
377  0.428733
378  0.430054
379  0.431381
380  0.432714
381  0.434053
382  0.435399
383  0.436751
384  0.43811
385  0.400586
386  0.401774
387  0.402968
388  0.404167
389  0.405372
390  0.406583
391  0.407799
392  0.409021
393  0.410249
394  0.411483
395  0.412723
396  0.413967
397  0.415219
398  0.416476
399  0.417739
400  0.419007
401  0.420282
402  0.421563
403  0.42285
404  0.424143
405  0.425442
406  0.426747
407  0.428058
408  0.429376
409  0.430699
410  0.432029
411  0.433365
412  0.434708
413  0.436057
414  0.437412
415  0.438773
416  0.440141
417  0.402355
418  0.403551
419  0.404754
420  0.405962
421  0.407175
422  0.408394
423  0.409619
424  0.410849
425  0.412086
426  0.413328
427  0.414576
428  0.41583
429  0.41709
430  0.418356
431  0.419628
432  0.420905
433  0.422189
434  0.423479
435  0.424775
436  0.426077
437  0.427385
438  0.428699
439  0.43002
440  0.431346
441  0.432679
442  0.434018
443  0.435364
444  0.436716
445  0.438074
446  0.439439
447  0.44081
448  0.442187
449  0.404136
450  0.405341
451  0.406552
452  0.407768
453  0.40899
454  0.410217
455  0.411451
456  0.41269
457  0.413935
458  0.415186
459  0.416443
460  0.417706
461  0.418974
462  0.420249
463  0.42153
464  0.422816
465  0.424109
466  0.425408
467  0.426713
468  0.428024
469  0.429341
470  0.430665
471  0.431995
472  0.433331
473  0.434673
474  0.436022
475  0.437377
476  0.438738
477  0.440106
478  0.44148
479  0.442861
480  0.444248
481  0.40593
482  0.407143
483  0.408362
484  0.409587
485  0.410818
486  0.412054
487  0.413296
488  0.414544
489  0.415798
490  0.417057
491  0.418323
492  0.419594
493  0.420872
494  0.422156
495  0.423445
496  0.424741
497  0.426043
498  0.427351
499  0.428665
500  0.429985
501  0.431312
502  0.432645
503  0.433984
504  0.435329
505  0.436681
506  0.438039
507  0.439404
508  0.440774
509  0.442152
510  0.443536
511  0.444926
512  0.446323
513  0.407736
514  0.408958
515  0.410186
516  0.411419
517  0.412658
518  0.413903
519  0.415154
520  0.41641
521  0.417673
522  0.418942
523  0.420216
524  0.421496
525  0.422783
526  0.424076
527  0.425374
528  0.426679
529  0.42799
530  0.429307
531  0.430631
532  0.43196
533  0.433296
534  0.434638
535  0.435987
536  0.437341
537  0.438703
538  0.44007
539  0.441444
540  0.442825
541  0.444212
542  0.445606
543  0.447006
544  0.448413
545  0.409555
546  0.410785
547  0.412022
548  0.413264
549  0.414511
550  0.415765
551  0.417024
552  0.41829
553  0.419561
554  0.420839
555  0.422122
556  0.423412
557  0.424707
558  0.426009
559  0.427317
560  0.428631
561  0.429951
562  0.431277
563  0.43261
564  0.433949
565  0.435294
566  0.436646
567  0.438003
568  0.439368
569  0.440739
570  0.442116
571  0.4435
572  0.44489
573  0.446287
574  0.44769
575  0.4491
576  0.450517
577  0.411387
578  0.412626
579  0.41387
580  0.415121
581  0.416378
582  0.41764
583  0.418908
584  0.420183
585  0.421463
586  0.422749
587  0.424042
588  0.425341
589  0.426645
590  0.427956
591  0.429273
592  0.430596
593  0.431925
594  0.433261
595  0.434603
596  0.435952
597  0.437306
598  0.438667
599  0.440035
600  0.441409
601  0.442789
602  0.444176
603  0.445569
604  0.446969
605  0.448376
606  0.449789
607  0.451209
608  0.452635
609  0.413231
610  0.414479
611  0.415732
612  0.416992
613  0.418257
614  0.419528
615  0.420806
616  0.422089
617  0.423378
618  0.424674
619  0.425975
620  0.427283
621  0.428597
622  0.429917
623  0.431243
624  0.432575
625  0.433914
626  0.435259
627  0.43661
628  0.437968
629  0.439332
630  0.440703
631  0.44208
632  0.443464
633  0.444854
634  0.44625
635  0.447654
636  0.449063
637  0.45048
638  0.451903
639  0.453333
640  0.454769
641  0.415089
642  0.416345
643  0.417607
644  0.418876
645  0.42015
646  0.42143
647  0.422716
648  0.424008
649  0.425307
650  0.426611
651  0.427922
652  0.429239
653  0.430562
654  0.431891
655  0.433227
656  0.434568
657  0.435916
658  0.437271
659  0.438632
660  0.439999
661  0.441373
662  0.442753
663  0.44414
664  0.445533
665  0.446933
666  0.448339
667  0.449752
668  0.451172
669  0.452598
670  0.454031
671  0.455471
672  0.456918
673  0.416959
674  0.418224
675  0.419495
676  0.420772
677  0.422056
678  0.423345
679  0.42464
680  0.425941
681  0.427249
682  0.428562
683  0.429882
684  0.431208
685  0.43254
686  0.433879
687  0.435224
688  0.436575
689  0.437933
690  0.439297
691  0.440667
692  0.442044
693  0.443428
694  0.444818
695  0.446214
696  0.447617
697  0.449027
698  0.450443
699  0.451866
700  0.453295
701  0.454732
702  0.456175
703  0.457625
704  0.459081
705  0.418842
706  0.420116
707  0.421397
708  0.422683
709  0.423975
710  0.425273
711  0.426577
712  0.427888
713  0.429204
714  0.430527
715  0.431856
716  0.433192
717  0.434533
718  0.435881
719  0.437236
720  0.438596
721  0.439964
722  0.441337
723  0.442717
724  0.444104
725  0.445497
726  0.446896
727  0.448303
728  0.449716
729  0.451135
730  0.452561
731  0.453994
732  0.455434
733  0.45688
734  0.458333
735  0.459793
736  0.46126
737  0.420739
738  0.422022
739  0.423311
740  0.424606
741  0.425907
742  0.427215
743  0.428528
744  0.429848
745  0.431174
746  0.432506
747  0.433844
748  0.435189
749  0.43654
750  0.437898
751  0.439261
752  0.440632
753  0.442009
754  0.443392
755  0.444782
756  0.446178
757  0.447581
758  0.44899
759  0.450406
760  0.451829
761  0.453258
762  0.454694
763  0.456137
764  0.457587
765  0.459043
766  0.460507
767  0.461977
768  0.463454
769  0.422649
770  0.423941
771  0.425239
772  0.426543
773  0.427854
774  0.42917
775  0.430493
776  0.431822
777  0.433157
778  0.434498
779  0.435846
780  0.437201
781  0.438561
782  0.439928
783  0.441301
784  0.442681
785  0.444068
786  0.445461
787  0.44686
788  0.448266
789  0.449679
790  0.451098
791  0.452524
792  0.453957
793  0.455396
794  0.456842
795  0.458295
796  0.459755
797  0.461222
798  0.462696
799  0.464176
800  0.465663
801  0.424572
802  0.425874
803  0.427181
804  0.428494
805  0.429814
806  0.431139
807  0.432471
808  0.43381
809  0.435154
810  0.436505
811  0.437862
812  0.439226
813  0.440596
814  0.441973
815  0.443356
816  0.444745
817  0.446141
818  0.447544
819  0.448953
820  0.450369
821  0.451792
822  0.453221
823  0.454657
824  0.4561
825  0.457549
826  0.459006
827  0.460469
828  0.461939
829  0.463416
830  0.464899
831  0.46639
832  0.467888
833  0.426509
834  0.427819
835  0.429136
836  0.430459
837  0.431787
838  0.433122
839  0.434464
840  0.435811
841  0.437165
842  0.438526
843  0.439893
844  0.441266
845  0.442645
846  0.444032
847  0.445424
848  0.446824
849  0.44823
850  0.449642
851  0.451061
852  0.452487
853  0.45392
854  0.455359
855  0.456805
856  0.458258
857  0.459717
858  0.461184
859  0.462657
860  0.464137
861  0.465624
862  0.467119
863  0.46862
864  0.470128
865  0.42846
866  0.429779
867  0.431105
868  0.432437
869  0.433775
870  0.435119
871  0.43647
872  0.437827
873  0.439191
874  0.44056
875  0.441937
876  0.44332
877  0.444709
878  0.446105
879  0.447508
880  0.448917
881  0.450332
882  0.451755
883  0.453184
884  0.45462
885  0.456062
886  0.457512
887  0.458968
888  0.460431
889  0.4619
890  0.463377
891  0.464861
892  0.466351
893  0.467849
894  0.469353
895  0.470865
896  0.472383
897  0.430424
898  0.431753
899  0.433088
900  0.434429
901  0.435776
902  0.43713
903  0.43849
904  0.439857
905  0.44123
906  0.442609
907  0.443996
908  0.445388
909  0.446787
910  0.448193
911  0.449606
912  0.451024
913  0.45245
914  0.453882
915  0.455321
916  0.456767
917  0.45822
918  0.459679
919  0.461146
920  0.462619
921  0.464099
922  0.465586
923  0.46708
924  0.468581
925  0.470089
926  0.471604
927  0.473125
928  0.474655
929  0.432402
930  0.43374
931  0.435084
932  0.436435
933  0.437792
934  0.439155
935  0.440525
936  0.441901
937  0.443284
938  0.444673
939  0.446069
940  0.447471
941  0.44888
942  0.450296
943  0.451718
944  0.453147
945  0.454582
946  0.456025
947  0.457474
948  0.45893
949  0.460393
950  0.461862
951  0.463339
952  0.464822
953  0.466312
954  0.46781
955  0.469314
956  0.470825
957  0.472344
958  0.473869
959  0.475402
960  0.476942
961  0.434394
962  0.435741
963  0.437095
964  0.438455
965  0.439821
966  0.441194
967  0.442574
968  0.443959
969  0.445352
970  0.446751
971  0.448157
972  0.449569
973  0.450987
974  0.452413
975  0.453845
976  0.455284
977  0.45673
978  0.458182
979  0.459641
980  0.461108
981  0.46258
982  0.46406
983  0.465547
984  0.467041
985  0.468542
986  0.470049
987  0.471564
988  0.473086
989  0.474615
990  0.476151
991  0.477694
992  0.479244
993  0.4364
994  0.437756
995  0.439119
996  0.440489
997  0.441865
998  0.443248
999  0.444637
1000  0.446032
1001  0.447435
1002  0.448843
1003  0.450259
1004  0.451681
1005  0.45311
1006  0.454545
1007  0.455987
1008  0.457436
1009  0.458892
1010  0.460355
1011  0.461824
1012  0.4633
1013  0.464784
1014  0.466274
1015  0.467771
1016  0.469275
1017  0.470786
1018  0.472304
1019  0.47383
1020  0.475362
1021  0.476902
1022  0.478448
1023  0.480002
1024  0.481563
1025  0.438419
1026  0.439786
1027  0.441159
1028  0.442538
1029  0.443924
1030  0.445316
1031  0.446715
1032  0.44812
1033  0.449532
1034  0.450951
1035  0.452376
1036  0.453808
1037  0.455247
1038  0.456692
1039  0.458144
1040  0.459604
1041  0.461069
1042  0.462542
1043  0.464022
1044  0.465508
1045  0.467002
1046  0.468503
1047  0.47001
1048  0.471525
1049  0.473046
1050  0.474575
1051  0.476111
1052  0.477654
1053  0.479204
1054  0.480762
1055  0.482326
1056  0.483898
1057  0.440454
1058  0.441829
1059  0.443212
1060  0.444601
1061  0.445996
1062  0.447398
1063  0.448807
1064  0.450222
1065  0.451644
1066  0.453072
1067  0.454508
1068  0.45595
1069  0.457399
1070  0.458854
1071  0.460317
1072  0.461786
1073  0.463262
1074  0.464745
1075  0.466235
1076  0.467732
1077  0.469236
1078  0.470747
1079  0.472265
1080  0.47379
1081  0.475322
1082  0.476862
1083  0.478408
1084  0.479962
1085  0.481523
1086  0.483091
1087  0.484666
1088  0.486248
1089  0.442502
1090  0.443888
1091  0.445279
1092  0.446678
1093  0.448083
1094  0.449495
1095  0.450914
1096  0.452339
1097  0.453771
1098  0.455209
1099  0.456654
1100  0.458106
1101  0.459565
1102  0.461031
1103  0.462504
1104  0.463983
1105  0.46547
1106  0.466963
1107  0.468464
1108  0.469971
1109  0.471485
1110  0.473007
1111  0.474535
1112  0.476071
1113  0.477614
1114  0.479164
1115  0.480721
1116  0.482285
1117  0.483857
1118  0.485436
1119  0.487022
1120  0.488615
1121  0.444565
1122  0.44596
1123  0.447362
1124  0.44877
1125  0.450185
1126  0.451607
1127  0.453035
1128  0.454471
1129  0.455912
1130  0.457361
1131  0.458816
1132  0.460279
1133  0.461748
1134  0.463224
1135  0.464707
1136  0.466196
1137  0.467693
1138  0.469197
1139  0.470708
1140  0.472225
1141  0.47375
1142  0.475282
1143  0.476822
1144  0.478368
1145  0.479921
1146  0.481482
1147  0.48305
1148  0.484625
1149  0.486207
1150  0.487797
1151  0.489394
1152  0.490998
1153  0.446642
1154  0.448047
1155  0.449458
1156  0.450877
1157  0.452302
1158  0.453733
1159  0.455172
1160  0.456617
1161  0.458069
1162  0.459528
1163  0.460993
1164  0.462465
1165  0.463945
1166  0.465431
1167  0.466924
1168  0.468425
1169  0.469932
1170  0.471446
1171  0.472967
1172  0.474496
1173  0.476031
1174  0.477574
1175  0.479124
1176  0.48068
1177  0.482245
1178  0.483816
1179  0.485395
1180  0.48698
1181  0.488574
1182  0.490175
1183  0.491783
1184  0.493398
1185  0.448733
1186  0.450148
1187  0.45157
1188  0.452998
1189  0.454433
1190  0.455875
1191  0.457323
1192  0.458778
1193  0.46024
1194  0.461709
1195  0.463185
1196  0.464668
1197  0.466158
1198  0.467654
1199  0.469158
1200  0.470668
1201  0.472186
1202  0.473711
1203  0.475242
1204  0.476781
1205  0.478328
1206  0.479881
1207  0.481441
1208  0.483009
1209  0.484584
1210  0.486166
1211  0.487756
1212  0.489352
1213  0.490957
1214  0.492568
1215  0.494187
1216  0.495813
1217  0.45084
1218  0.452265
1219  0.453696
1220  0.455134
1221  0.456579
1222  0.458031
1223  0.45949
1224  0.460955
1225  0.462427
1226  0.463906
1227  0.465393
1228  0.466886
1229  0.468386
1230  0.469893
1231  0.471407
1232  0.472928
1233  0.474456
1234  0.475991
1235  0.477534
1236  0.479083
1237  0.48064
1238  0.482204
1239  0.483775
1240  0.485354
1241  0.486939
1242  0.488532
1243  0.490133
1244  0.491741
1245  0.493356
1246  0.494978
1247  0.496608
1248  0.498246
1249  0.452961
1250  0.454396
1251  0.455837
1252  0.457285
1253  0.458741
1254  0.460203
1255  0.461671
1256  0.463147
1257  0.464629
1258  0.466119
1259  0.467615
1260  0.469119
1261  0.470629
1262  0.472147
1263  0.473671
1264  0.475203
1265  0.476741
1266  0.478287
1267  0.47984
1268  0.481401
1269  0.482968
1270  0.484543
1271  0.486125
1272  0.487714
1273  0.489311
1274  0.490915
1275  0.492526
1276  0.494145
1277  0.495771
1278  0.497405
1279  0.499046
1280  0.500694
1281  0.455097
1282  0.456542
1283  0.457993
1284  0.459452
1285  0.460917
1286  0.462389
1287  0.463868
1288  0.465354
1289  0.466847
1290  0.468346
1291  0.469853
1292  0.471367
1293  0.472888
1294  0.474416
1295  0.475951
1296  0.477493
1297  0.479043
1298  0.480599
1299  0.482163
1300  0.483734
1301  0.485312
1302  0.486898
1303  0.488491
1304  0.490091
1305  0.491699
1306  0.493314
1307  0.494936
1308  0.496566
1309  0.498203
1310  0.499848
1311  0.5015
1312  0.50316
1313  0.457248
1314  0.458703
1315  0.460164
1316  0.461633
1317  0.463108
1318  0.464591
1319  0.46608
1320  0.467576
1321  0.46908
1322  0.47059
1323  0.472107
1324  0.473631
1325  0.475163
1326  0.476701
1327  0.478247
1328  0.4798
1329  0.48136
1330  0.482927
1331  0.484502
1332  0.486084
1333  0.487673
1334  0.489269
1335  0.490873
1336  0.492484
1337  0.494103
1338  0.495729
1339  0.497362
1340  0.499003
1341  0.500651
1342  0.502307
1343  0.503971
1344  0.505641
1345  0.459414
1346  0.460879
1347  0.462351
1348  0.46383
1349  0.465315
1350  0.466808
1351  0.468307
1352  0.469814
1353  0.471328
1354  0.472849
1355  0.474376
1356  0.475911
1357  0.477453
1358  0.479003
1359  0.480559
1360  0.482122
1361  0.483693
1362  0.485272
1363  0.486857
1364  0.48845
1365  0.49005
1366  0.491657
1367  0.493272
1368  0.494894
1369  0.496523
1370  0.49816
1371  0.499805
1372  0.501457
1373  0.503116
1374  0.504783
1375  0.506458
1376  0.50814
1377  0.461595
1378  0.46307
1379  0.464552
1380  0.466041
1381  0.467537
1382  0.469041
1383  0.47055
1384  0.472068
1385  0.473592
1386  0.475123
1387  0.476661
1388  0.478207
1389  0.47976
1390  0.48132
1391  0.482887
1392  0.484461
1393  0.486043
1394  0.487632
1395  0.489228
1396  0.490832
1397  0.492442
1398  0.494061
1399  0.495687
1400  0.49732
1401  0.49896
1402  0.500609
1403  0.502264
1404  0.503927
1405  0.505598
1406  0.507276
1407  0.508962
1408  0.510655
1409  0.463791
1410  0.465277
1411  0.466769
1412  0.468269
1413  0.469775
1414  0.471289
1415  0.472809
1416  0.474337
1417  0.475871
1418  0.477413
1419  0.478962
1420  0.480519
1421  0.482082
1422  0.483653
1423  0.48523
1424  0.486816
1425  0.488408
1426  0.490008
1427  0.491615
1428  0.49323
1429  0.494852
1430  0.496481
1431  0.498118
1432  0.499762
1433  0.501414
1434  0.503073
1435  0.50474
1436  0.506414
1437  0.508096
1438  0.509786
1439  0.511483
1440  0.513187
