1  0.0319204
2  0.0320064
3  0.0320929
4  0.0321798
5  0.0322671
6  0.0323548
7  0.0324429
8  0.0325315
9  0.0326205
10  0.03271
11  0.0327998
12  0.0328902
13  0.0329809
14  0.0330721
15  0.0331637
16  0.0332558
17  0.0333484
18  0.0334413
19  0.0335348
20  0.0336287
21  0.0337231
22  0.0338179
23  0.0339132
24  0.034009
25  0.0341052
26  0.0342019
27  0.0342991
28  0.0343968
29  0.034495
30  0.0345936
31  0.0346928
32  0.0347924
33  0.0320485
34  0.0321352
35  0.0322222
36  0.0323098
37  0.0323977
38  0.032486
39  0.0325748
40  0.032664
41  0.0327537
42  0.0328438
43  0.0329343
44  0.0330253
45  0.0331167
46  0.0332085
47  0.0333008
48  0.0333936
49  0.0334868
50  0.0335805
51  0.0336746
52  0.0337692
53  0.0338643
54  0.0339598
55  0.0340558
56  0.0341523
57  0.0342492
58  0.0343467
59  0.0344446
60  0.034543
61  0.0346419
62  0.0347413
63  0.0348411
64  0.0349415
65  0.0321775
66  0.0322648
67  0.0323525
68  0.0324407
69  0.0325292
70  0.0326182
71  0.0327077
72  0.0327975
73  0.0328878
74  0.0329785
75  0.0330697
76  0.0331613
77  0.0332534
78  0.033346
79  0.0334389
80  0.0335324
81  0.0336263
82  0.0337206
83  0.0338154
84  0.0339107
85  0.0340065
86  0.0341027
87  0.0341994
88  0.0342966
89  0.0343943
90  0.0344924
91  0.0345911
92  0.0346902
93  0.0347898
94  0.03489
95  0.0349906
96  0.0350917
97  0.0323075
98  0.0323954
99  0.0324837
100  0.0325725
101  0.0326617
102  0.0327514
103  0.0328414
104  0.0329319
105  0.0330229
106  0.0331143
107  0.0332061
108  0.0332984
109  0.0333912
110  0.0334844
111  0.033578
112  0.0336722
113  0.0337667
114  0.0338618
115  0.0339573
116  0.0340533
117  0.0341498
118  0.0342467
119  0.0343441
120  0.034442
121  0.0345404
122  0.0346393
123  0.0347387
124  0.0348385
125  0.0349389
126  0.0350398
127  0.0351412
128  0.035243
129  0.0324384
130  0.0325269
131  0.0326159
132  0.0327053
133  0.0327952
134  0.0328855
135  0.0329762
136  0.0330674
137  0.033159
138  0.033251
139  0.0333435
140  0.0334365
141  0.0335299
142  0.0336238
143  0.0337182
144  0.033813
145  0.0339083
146  0.034004
147  0.0341002
148  0.0341969
149  0.0342941
150  0.0343917
151  0.0344899
152  0.0345885
153  0.0346876
154  0.0347872
155  0.0348874
156  0.034988
157  0.0350891
158  0.0351907
159  0.0352928
160  0.0353955
161  0.0325702
162  0.0326594
163  0.032749
164  0.0328391
165  0.0329296
166  0.0330205
167  0.0331119
168  0.0332038
169  0.033296
170  0.0333888
171  0.033482
172  0.0335756
173  0.0336697
174  0.0337643
175  0.0338593
176  0.0339548
177  0.0340508
178  0.0341472
179  0.0342442
180  0.0343416
181  0.0344395
182  0.0345379
183  0.0346367
184  0.0347361
185  0.0348359
186  0.0349363
187  0.0350372
188  0.0351385
189  0.0352404
190  0.0353428
191  0.0354457
192  0.0355491
193  0.032703
194  0.0327928
195  0.0328831
196  0.0329738
197  0.033065
198  0.0331566
199  0.0332486
200  0.0333411
201  0.0334341
202  0.0335275
203  0.0336214
204  0.0337157
205  0.0338105
206  0.0339058
207  0.0340015
208  0.0340977
209  0.0341944
210  0.0342916
211  0.0343892
212  0.0344873
213  0.034586
214  0.0346851
215  0.0347847
216  0.0348848
217  0.0349854
218  0.0350865
219  0.0351881
220  0.0352902
221  0.0353928
222  0.035496
223  0.0355996
224  0.0357038
225  0.0328368
226  0.0329272
227  0.0330182
228  0.0331095
229  0.0332014
230  0.0332936
231  0.0333864
232  0.0334795
233  0.0335732
234  0.0336673
235  0.0337618
236  0.0338568
237  0.0339523
238  0.0340483
239  0.0341447
240  0.0342417
241  0.0343391
242  0.0344369
243  0.0345353
244  0.0346342
245  0.0347335
246  0.0348334
247  0.0349337
248  0.0350345
249  0.0351359
250  0.0352377
251  0.0353401
252  0.035443
253  0.0355464
254  0.0356503
255  0.0357547
256  0.0358597
257  0.0329715
258  0.0330626
259  0.0331542
260  0.0332462
261  0.0333387
262  0.0334317
263  0.0335251
264  0.0336189
265  0.0337133
266  0.033808
267  0.0339033
268  0.033999
269  0.0340952
270  0.0341919
271  0.034289
272  0.0343867
273  0.0344848
274  0.0345834
275  0.0346825
276  0.0347821
277  0.0348822
278  0.0349827
279  0.0350838
280  0.0351854
281  0.0352875
282  0.0353901
283  0.0354933
284  0.0355969
285  0.0357011
286  0.0358058
287  0.035911
288  0.0360167
289  0.0331072
290  0.033199
291  0.0332912
292  0.0333839
293  0.0334771
294  0.0335707
295  0.0336648
296  0.0337594
297  0.0338544
298  0.0339498
299  0.0340458
300  0.0341422
301  0.0342391
302  0.0343365
303  0.0344344
304  0.0345327
305  0.0346316
306  0.0347309
307  0.0348308
308  0.0349311
309  0.0350319
310  0.0351332
311  0.0352351
312  0.0353374
313  0.0354403
314  0.0355437
315  0.0356476
316  0.035752
317  0.035857
318  0.0359624
319  0.0360684
320  0.036175
321  0.0332438
322  0.0333363
323  0.0334293
324  0.0335227
325  0.0336165
326  0.0337108
327  0.0338056
328  0.0339008
329  0.0339965
330  0.0340927
331  0.0341894
332  0.0342865
333  0.0343841
334  0.0344822
335  0.0345808
336  0.0346799
337  0.0347795
338  0.0348796
339  0.0349801
340  0.0350812
341  0.0351828
342  0.0352849
343  0.0353875
344  0.0354906
345  0.0355942
346  0.0356984
347  0.035803
348  0.0359083
349  0.036014
350  0.0361203
351  0.0362271
352  0.0363344
353  0.0333815
354  0.0334747
355  0.0335683
356  0.0336624
357  0.0337569
358  0.0338519
359  0.0339474
360  0.0340433
361  0.0341397
362  0.0342366
363  0.034334
364  0.0344318
365  0.0345302
366  0.034629
367  0.0347283
368  0.0348281
369  0.0349285
370  0.0350293
371  0.0351306
372  0.0352324
373  0.0353348
374  0.0354376
375  0.035541
376  0.0356449
377  0.0357493
378  0.0358542
379  0.0359597
380  0.0360657
381  0.0361722
382  0.0362793
383  0.0363869
384  0.036495
385  0.0335202
386  0.0336141
387  0.0337083
388  0.0338031
389  0.0338983
390  0.033994
391  0.0340902
392  0.0341868
393  0.034284
394  0.0343816
395  0.0344797
396  0.0345782
397  0.0346773
398  0.0347769
399  0.034877
400  0.0349775
401  0.0350786
402  0.0351801
403  0.0352822
404  0.0353848
405  0.0354879
406  0.0355915
407  0.0356957
408  0.0358003
409  0.0359055
410  0.0360112
411  0.0361175
412  0.0362243
413  0.0363316
414  0.0364395
415  0.0365479
416  0.0366569
417  0.0336599
418  0.0337544
419  0.0338494
420  0.0339449
421  0.0340408
422  0.0341372
423  0.0342341
424  0.0343315
425  0.0344293
426  0.0345276
427  0.0346264
428  0.0347258
429  0.0348256
430  0.0349259
431  0.0350267
432  0.035128
433  0.0352298
434  0.0353321
435  0.035435
436  0.0355383
437  0.0356422
438  0.0357466
439  0.0358515
440  0.0359569
441  0.0360629
442  0.0361694
443  0.0362765
444  0.0363841
445  0.0364922
446  0.0366009
447  0.0367102
448  0.0368199
449  0.0338006
450  0.0338959
451  0.0339915
452  0.0340877
453  0.0341843
454  0.0342814
455  0.034379
456  0.0344771
457  0.0345757
458  0.0346747
459  0.0347743
460  0.0348743
461  0.0349749
462  0.0350759
463  0.0351775
464  0.0352796
465  0.0353821
466  0.0354852
467  0.0355888
468  0.035693
469  0.0357976
470  0.0359028
471  0.0360085
472  0.0361147
473  0.0362215
474  0.0363288
475  0.0364367
476  0.0365451
477  0.0366541
478  0.0367636
479  0.0368736
480  0.0369843
481  0.0339424
482  0.0340383
483  0.0341347
484  0.0342316
485  0.0343289
486  0.0344268
487  0.0345251
488  0.0346239
489  0.0347232
490  0.034823
491  0.0349233
492  0.035024
493  0.0351253
494  0.0352271
495  0.0353295
496  0.0354323
497  0.0355356
498  0.0356395
499  0.0357439
500  0.0358488
501  0.0359542
502  0.0360602
503  0.0361667
504  0.0362737
505  0.0363813
506  0.0364894
507  0.0365981
508  0.0367073
509  0.0368171
510  0.0369274
511  0.0370383
512  0.0371498
513  0.0340852
514  0.0341818
515  0.0342789
516  0.0343765
517  0.0344746
518  0.0345731
519  0.0346722
520  0.0347717
521  0.0348717
522  0.0349723
523  0.0350733
524  0.0351749
525  0.0352769
526  0.0353795
527  0.0354825
528  0.0355861
529  0.0356902
530  0.0357949
531  0.0359001
532  0.0360057
533  0.036112
534  0.0362187
535  0.036326
536  0.0364339
537  0.0365423
538  0.0366512
539  0.0367607
540  0.0368708
541  0.0369814
542  0.0370925
543  0.0372043
544  0.0373166
545  0.0342291
546  0.0343264
547  0.0344242
548  0.0345225
549  0.0346213
550  0.0347206
551  0.0348204
552  0.0349206
553  0.0350214
554  0.0351227
555  0.0352245
556  0.0353268
557  0.0354296
558  0.0355329
559  0.0356368
560  0.0357411
561  0.035846
562  0.0359515
563  0.0360574
564  0.0361639
565  0.0362709
566  0.0363785
567  0.0364866
568  0.0365953
569  0.0367045
570  0.0368142
571  0.0369246
572  0.0370354
573  0.0371469
574  0.0372589
575  0.0373715
576  0.0374846
577  0.034374
578  0.034472
579  0.0345706
580  0.0346696
581  0.0347691
582  0.0348691
583  0.0349697
584  0.0350707
585  0.0351722
586  0.0352742
587  0.0353768
588  0.0354799
589  0.0355834
590  0.0356875
591  0.0357922
592  0.0358973
593  0.036003
594  0.0361092
595  0.036216
596  0.0363233
597  0.0364311
598  0.0365395
599  0.0366484
600  0.0367579
601  0.0368679
602  0.0369785
603  0.0370896
604  0.0372014
605  0.0373137
606  0.0374265
607  0.03754
608  0.037654
609  0.03452
610  0.0346187
611  0.034718
612  0.0348178
613  0.034918
614  0.0350188
615  0.0351201
616  0.0352218
617  0.0353241
618  0.0354269
619  0.0355302
620  0.0356341
621  0.0357384
622  0.0358433
623  0.0359487
624  0.0360547
625  0.0361611
626  0.0362682
627  0.0363757
628  0.0364838
629  0.0365924
630  0.0367016
631  0.0368114
632  0.0369217
633  0.0370326
634  0.037144
635  0.037256
636  0.0373686
637  0.0374817
638  0.0375954
639  0.0377097
640  0.0378246
641  0.034667
642  0.0347665
643  0.0348665
644  0.034967
645  0.0350681
646  0.0351696
647  0.0352716
648  0.0353741
649  0.0354772
650  0.0355807
651  0.0356848
652  0.0357894
653  0.0358946
654  0.0360002
655  0.0361065
656  0.0362132
657  0.0363205
658  0.0364283
659  0.0365366
660  0.0366456
661  0.036755
662  0.036865
663  0.0369756
664  0.0370868
665  0.0371985
666  0.0373107
667  0.0374236
668  0.037537
669  0.037651
670  0.0377656
671  0.0378808
672  0.0379965
673  0.0348152
674  0.0349154
675  0.0350162
676  0.0351174
677  0.0352192
678  0.0353215
679  0.0354243
680  0.0355276
681  0.0356314
682  0.0357357
683  0.0358406
684  0.035946
685  0.0360519
686  0.0361584
687  0.0362654
688  0.0363729
689  0.036481
690  0.0365896
691  0.0366988
692  0.0368085
693  0.0369188
694  0.0370297
695  0.0371411
696  0.0372531
697  0.0373656
698  0.0374788
699  0.0375925
700  0.0377067
701  0.0378216
702  0.0379371
703  0.0380531
704  0.0381697
705  0.0349644
706  0.0350654
707  0.0351669
708  0.0352689
709  0.0353715
710  0.0354745
711  0.0355781
712  0.0356821
713  0.0357867
714  0.0358918
715  0.0359975
716  0.0361037
717  0.0362104
718  0.0363177
719  0.0364255
720  0.0365338
721  0.0366427
722  0.0367522
723  0.0368622
724  0.0369727
725  0.0370839
726  0.0371956
727  0.0373078
728  0.0374207
729  0.0375341
730  0.037648
731  0.0377626
732  0.0378778
733  0.0379935
734  0.0381098
735  0.0382268
736  0.0383443
737  0.0351148
738  0.0352166
739  0.0353188
740  0.0354216
741  0.0355249
742  0.0356287
743  0.035733
744  0.0358379
745  0.0359432
746  0.0360491
747  0.0361556
748  0.0362626
749  0.0363701
750  0.0364782
751  0.0365868
752  0.036696
753  0.0368057
754  0.036916
755  0.0370268
756  0.0371382
757  0.0372502
758  0.0373627
759  0.0374758
760  0.0375895
761  0.0377038
762  0.0378186
763  0.0379341
764  0.0380501
765  0.0381667
766  0.0382839
767  0.0384017
768  0.0385201
769  0.0352663
770  0.0353688
771  0.0354718
772  0.0355754
773  0.0356794
774  0.035784
775  0.0358891
776  0.0359947
777  0.0361009
778  0.0362076
779  0.0363149
780  0.0364227
781  0.036531
782  0.0366399
783  0.0367493
784  0.0368593
785  0.0369699
786  0.037081
787  0.0371927
788  0.0373049
789  0.0374177
790  0.0375311
791  0.0376451
792  0.0377596
793  0.0378748
794  0.0379905
795  0.0381068
796  0.0382237
797  0.0383412
798  0.0384593
799  0.038578
800  0.0386974
801  0.0354189
802  0.0355222
803  0.035626
804  0.0357303
805  0.0358351
806  0.0359405
807  0.0360464
808  0.0361528
809  0.0362598
810  0.0363673
811  0.0364754
812  0.036584
813  0.0366931
814  0.0368028
815  0.0369131
816  0.0370239
817  0.0371353
818  0.0372472
819  0.0373598
820  0.0374729
821  0.0375865
822  0.0377008
823  0.0378156
824  0.0379311
825  0.0380471
826  0.0381637
827  0.0382809
828  0.0383987
829  0.0385171
830  0.0386361
831  0.0387557
832  0.0388759
833  0.0355727
834  0.0356767
835  0.0357813
836  0.0358864
837  0.035992
838  0.0360982
839  0.0362049
840  0.0363121
841  0.0364199
842  0.0365282
843  0.0366371
844  0.0367465
845  0.0368565
846  0.036967
847  0.0370781
848  0.0371898
849  0.037302
850  0.0374148
851  0.0375282
852  0.0376421
853  0.0377567
854  0.0378718
855  0.0379875
856  0.0381038
857  0.0382207
858  0.0383382
859  0.0384563
860  0.0385749
861  0.0386943
862  0.0388142
863  0.0389347
864  0.0390559
865  0.0357276
866  0.0358324
867  0.0359378
868  0.0360436
869  0.0361501
870  0.036257
871  0.0363645
872  0.0364726
873  0.0365811
874  0.0366903
875  0.0368
876  0.0369102
877  0.037021
878  0.0371324
879  0.0372443
880  0.0373568
881  0.0374699
882  0.0375836
883  0.0376978
884  0.0378126
885  0.0379281
886  0.0380441
887  0.0381606
888  0.0382778
889  0.0383956
890  0.038514
891  0.038633
892  0.0387526
893  0.0388728
894  0.0389936
895  0.0391151
896  0.0392371
897  0.0358836
898  0.0359893
899  0.0360954
900  0.0362021
901  0.0363093
902  0.0364171
903  0.0365254
904  0.0366342
905  0.0367436
906  0.0368536
907  0.0369641
908  0.0370752
909  0.0371868
910  0.0372991
911  0.0374119
912  0.0375252
913  0.0376391
914  0.0377537
915  0.0378688
916  0.0379845
917  0.0381008
918  0.0382176
919  0.0383351
920  0.0384532
921  0.0385719
922  0.0386912
923  0.0388111
924  0.0389316
925  0.0390527
926  0.0391745
927  0.0392968
928  0.0394198
929  0.0360409
930  0.0361473
931  0.0362542
932  0.0363617
933  0.0364697
934  0.0365783
935  0.0366874
936  0.0367971
937  0.0369074
938  0.0370182
939  0.0371295
940  0.0372414
941  0.0373539
942  0.037467
943  0.0375806
944  0.0376949
945  0.0378097
946  0.037925
947  0.038041
948  0.0381576
949  0.0382748
950  0.0383925
951  0.0385109
952  0.0386299
953  0.0387495
954  0.0388697
955  0.0389905
956  0.0391119
957  0.039234
958  0.0393567
959  0.03948
960  0.0396039
961  0.0361993
962  0.0363065
963  0.0364143
964  0.0365226
965  0.0366314
966  0.0367408
967  0.0368507
968  0.0369612
969  0.0370723
970  0.0371839
971  0.0372961
972  0.0374089
973  0.0375223
974  0.0376362
975  0.0377507
976  0.0378658
977  0.0379815
978  0.0380977
979  0.0382146
980  0.0383321
981  0.0384501
982  0.0385688
983  0.0386881
984  0.0388079
985  0.0389284
986  0.0390496
987  0.0391713
988  0.0392937
989  0.0394166
990  0.0395403
991  0.0396645
992  0.0397894
993  0.0363589
994  0.0364669
995  0.0365755
996  0.0366846
997  0.0367943
998  0.0369045
999  0.0370153
1000  0.0371266
1001  0.0372385
1002  0.037351
1003  0.037464
1004  0.0375777
1005  0.0376919
1006  0.0378067
1007  0.037922
1008  0.038038
1009  0.0381546
1010  0.0382717
1011  0.0383895
1012  0.0385078
1013  0.0386268
1014  0.0387464
1015  0.0388666
1016  0.0389873
1017  0.0391088
1018  0.0392308
1019  0.0393535
1020  0.0394768
1021  0.0396007
1022  0.0397253
1023  0.0398505
1024  0.0399763
1025  0.0365197
1026  0.0366286
1027  0.0367379
1028  0.0368479
1029  0.0369584
1030  0.0370694
1031  0.037181
1032  0.0372932
1033  0.037406
1034  0.0375193
1035  0.0376332
1036  0.0377477
1037  0.0378628
1038  0.0379785
1039  0.0380947
1040  0.0382116
1041  0.038329
1042  0.038447
1043  0.0385657
1044  0.0386849
1045  0.0388048
1046  0.0389253
1047  0.0390464
1048  0.0391681
1049  0.0392905
1050  0.0394134
1051  0.039537
1052  0.0396613
1053  0.0397862
1054  0.0399117
1055  0.0400378
1056  0.0401647
1057  0.0366818
1058  0.0367914
1059  0.0369016
1060  0.0370124
1061  0.0371237
1062  0.0372356
1063  0.0373481
1064  0.0374611
1065  0.0375747
1066  0.0376889
1067  0.0378037
1068  0.037919
1069  0.038035
1070  0.0381515
1071  0.0382687
1072  0.0383864
1073  0.0385048
1074  0.0386237
1075  0.0387433
1076  0.0388634
1077  0.0389842
1078  0.0391056
1079  0.0392276
1080  0.0393503
1081  0.0394736
1082  0.0395975
1083  0.039722
1084  0.0398472
1085  0.039973
1086  0.0400995
1087  0.0402266
1088  0.0403544
1089  0.036845
1090  0.0369555
1091  0.0370665
1092  0.0371781
1093  0.0372903
1094  0.0374031
1095  0.0375164
1096  0.0376303
1097  0.0377447
1098  0.0378598
1099  0.0379754
1100  0.0380917
1101  0.0382085
1102  0.0383259
1103  0.038444
1104  0.0385626
1105  0.0386818
1106  0.0388017
1107  0.0389222
1108  0.0390433
1109  0.039165
1110  0.0392873
1111  0.0394102
1112  0.0395338
1113  0.0396581
1114  0.0397829
1115  0.0399084
1116  0.0400346
1117  0.0401614
1118  0.0402888
1119  0.0404169
1120  0.0405456
1121  0.0370095
1122  0.0371208
1123  0.0372327
1124  0.0373451
1125  0.0374582
1126  0.0375718
1127  0.0376859
1128  0.0378007
1129  0.037916
1130  0.038032
1131  0.0381485
1132  0.0382656
1133  0.0383834
1134  0.0385017
1135  0.0386206
1136  0.0387401
1137  0.0388603
1138  0.0389811
1139  0.0391025
1140  0.0392245
1141  0.0393471
1142  0.0394704
1143  0.0395943
1144  0.0397188
1145  0.039844
1146  0.0399698
1147  0.0400962
1148  0.0402233
1149  0.0403511
1150  0.0404795
1151  0.0406086
1152  0.0407383
1153  0.0371752
1154  0.0372874
1155  0.0374001
1156  0.0375134
1157  0.0376273
1158  0.0377418
1159  0.0378568
1160  0.0379724
1161  0.0380886
1162  0.0382055
1163  0.0383229
1164  0.0384409
1165  0.0385595
1166  0.0386787
1167  0.0387986
1168  0.038919
1169  0.0390401
1170  0.0391618
1171  0.0392841
1172  0.039407
1173  0.0395306
1174  0.0396548
1175  0.0397797
1176  0.0399051
1177  0.0400313
1178  0.0401581
1179  0.0402855
1180  0.0404136
1181  0.0405423
1182  0.0406717
1183  0.0408018
1184  0.0409325
1185  0.0373422
1186  0.0374552
1187  0.0375688
1188  0.037683
1189  0.0377977
1190  0.037913
1191  0.038029
1192  0.0381455
1193  0.0382626
1194  0.0383803
1195  0.0384986
1196  0.0386175
1197  0.038737
1198  0.0388572
1199  0.0389779
1200  0.0390993
1201  0.0392213
1202  0.0393439
1203  0.0394671
1204  0.039591
1205  0.0397155
1206  0.0398407
1207  0.0399665
1208  0.0400929
1209  0.04022
1210  0.0403478
1211  0.0404762
1212  0.0406052
1213  0.040735
1214  0.0408654
1215  0.0409964
1216  0.0411281
1217  0.0375105
1218  0.0376243
1219  0.0377388
1220  0.0378538
1221  0.0379694
1222  0.0380856
1223  0.0382024
1224  0.0383198
1225  0.0384378
1226  0.0385564
1227  0.0386757
1228  0.0387955
1229  0.0389159
1230  0.039037
1231  0.0391586
1232  0.0392809
1233  0.0394038
1234  0.0395274
1235  0.0396516
1236  0.0397764
1237  0.0399019
1238  0.040028
1239  0.0401548
1240  0.0402822
1241  0.0404102
1242  0.0405389
1243  0.0406683
1244  0.0407984
1245  0.0409291
1246  0.0410605
1247  0.0411925
1248  0.0413253
1249  0.03768
1250  0.0377947
1251  0.0379101
1252  0.0380259
1253  0.0381424
1254  0.0382595
1255  0.0383772
1256  0.0384955
1257  0.0386144
1258  0.0387339
1259  0.0388541
1260  0.0389748
1261  0.0390961
1262  0.0392181
1263  0.0393407
1264  0.0394639
1265  0.0395878
1266  0.0397123
1267  0.0398374
1268  0.0399632
1269  0.0400896
1270  0.0402167
1271  0.0403445
1272  0.0404728
1273  0.0406019
1274  0.0407316
1275  0.040862
1276  0.040993
1277  0.0411247
1278  0.0412571
1279  0.0413902
1280  0.0415239
1281  0.0378508
1282  0.0379664
1283  0.0380826
1284  0.0381994
1285  0.0383168
1286  0.0384348
1287  0.0385533
1288  0.0386725
1289  0.0387923
1290  0.0389128
1291  0.0390338
1292  0.0391555
1293  0.0392777
1294  0.0394006
1295  0.0395242
1296  0.0396484
1297  0.0397732
1298  0.0398986
1299  0.0400247
1300  0.0401515
1301  0.0402788
1302  0.0404069
1303  0.0405356
1304  0.040665
1305  0.040795
1306  0.0409257
1307  0.0410571
1308  0.0411891
1309  0.0413218
1310  0.0414552
1311  0.0415893
1312  0.0417241
1313  0.0380229
1314  0.0381394
1315  0.0382565
1316  0.0383742
1317  0.0384924
1318  0.0386113
1319  0.0387308
1320  0.0388509
1321  0.0389716
1322  0.039093
1323  0.0392149
1324  0.0393375
1325  0.0394607
1326  0.0395846
1327  0.0397091
1328  0.0398342
1329  0.03996
1330  0.0400864
1331  0.0402134
1332  0.0403411
1333  0.0404695
1334  0.0405985
1335  0.0407282
1336  0.0408586
1337  0.0409896
1338  0.0411213
1339  0.0412537
1340  0.0413867
1341  0.0415204
1342  0.0416548
1343  0.04179
1344  0.0419257
1345  0.0381964
1346  0.0383137
1347  0.0384317
1348  0.0385503
1349  0.0386694
1350  0.0387892
1351  0.0389096
1352  0.0390307
1353  0.0391523
1354  0.0392746
1355  0.0393974
1356  0.039521
1357  0.0396451
1358  0.0397699
1359  0.0398954
1360  0.0400214
1361  0.0401482
1362  0.0402755
1363  0.0404036
1364  0.0405323
1365  0.0406616
1366  0.0407916
1367  0.0409223
1368  0.0410536
1369  0.0411857
1370  0.0413184
1371  0.0414517
1372  0.0415858
1373  0.0417206
1374  0.041856
1375  0.0419921
1376  0.042129
1377  0.0383711
1378  0.0384894
1379  0.0386082
1380  0.0387277
1381  0.0388478
1382  0.0389685
1383  0.0390898
1384  0.0392118
1385  0.0393343
1386  0.0394575
1387  0.0395814
1388  0.0397058
1389  0.0398309
1390  0.0399567
1391  0.0400831
1392  0.0402101
1393  0.0403378
1394  0.0404662
1395  0.0405952
1396  0.0407248
1397  0.0408552
1398  0.0409862
1399  0.0411179
1400  0.0412502
1401  0.0413832
1402  0.041517
1403  0.0416514
1404  0.0417864
1405  0.0419222
1406  0.0420587
1407  0.0421959
1408  0.0423337
1409  0.0385472
1410  0.0386663
1411  0.0387861
1412  0.0389065
1413  0.0390275
1414  0.0391491
1415  0.0392714
1416  0.0393943
1417  0.0395178
1418  0.0396419
1419  0.0397667
1420  0.0398921
1421  0.0400182
1422  0.0401449
1423  0.0402722
1424  0.0404002
1425  0.0405289
1426  0.0406582
1427  0.0407882
1428  0.0409189
1429  0.0410502
1430  0.0411822
1431  0.0413149
1432  0.0414483
1433  0.0415823
1434  0.0417171
1435  0.0418525
1436  0.0419886
1437  0.0421254
1438  0.0422629
1439  0.0424011
1440  0.04254
