1  0.20371
2  0.204233
3  0.204758
4  0.205286
5  0.205817
6  0.206349
7  0.206885
8  0.207422
9  0.207962
10  0.208505
11  0.20905
12  0.209598
13  0.210148
14  0.210701
15  0.211256
16  0.211814
17  0.212375
18  0.212938
19  0.213504
20  0.214073
21  0.214644
22  0.215217
23  0.215794
24  0.216373
25  0.216955
26  0.21754
27  0.218127
28  0.218718
29  0.219311
30  0.219906
31  0.220505
32  0.221107
33  0.204489
34  0.205015
35  0.205544
36  0.206076
37  0.20661
38  0.207146
39  0.207685
40  0.208226
41  0.20877
42  0.209317
43  0.209866
44  0.210417
45  0.210971
46  0.211528
47  0.212087
48  0.212649
49  0.213213
50  0.213781
51  0.21435
52  0.214923
53  0.215498
54  0.216076
55  0.216657
56  0.21724
57  0.217826
58  0.218414
59  0.219006
60  0.219601
61  0.220198
62  0.220798
63  0.221401
64  0.222006
65  0.205273
66  0.205803
67  0.206335
68  0.206871
69  0.207408
70  0.207948
71  0.208491
72  0.209036
73  0.209584
74  0.210134
75  0.210687
76  0.211242
77  0.2118
78  0.21236
79  0.212924
80  0.213489
81  0.214058
82  0.214629
83  0.215203
84  0.215779
85  0.216358
86  0.21694
87  0.217525
88  0.218112
89  0.218702
90  0.219295
91  0.219891
92  0.22049
93  0.221091
94  0.221695
95  0.222302
96  0.222912
97  0.206062
98  0.206596
99  0.207132
100  0.207671
101  0.208212
102  0.208756
103  0.209302
104  0.209851
105  0.210403
106  0.210957
107  0.211513
108  0.212073
109  0.212634
110  0.213199
111  0.213766
112  0.214335
113  0.214908
114  0.215483
115  0.216061
116  0.216641
117  0.217225
118  0.21781
119  0.218399
120  0.218991
121  0.219585
122  0.220182
123  0.220782
124  0.221385
125  0.221991
126  0.222599
127  0.22321
128  0.223825
129  0.206857
130  0.207394
131  0.207934
132  0.208477
133  0.209022
134  0.20957
135  0.21012
136  0.210672
137  0.211228
138  0.211785
139  0.212346
140  0.212909
141  0.213475
142  0.214043
143  0.214614
144  0.215188
145  0.215764
146  0.216343
147  0.216925
148  0.21751
149  0.218097
150  0.218687
151  0.21928
152  0.219876
153  0.220474
154  0.221075
155  0.221679
156  0.222287
157  0.222896
158  0.223509
159  0.224125
160  0.224744
161  0.207657
162  0.208198
163  0.208742
164  0.209288
165  0.209837
166  0.210388
167  0.210942
168  0.211499
169  0.212058
170  0.21262
171  0.213184
172  0.213751
173  0.214321
174  0.214893
175  0.215468
176  0.216046
177  0.216626
178  0.217209
179  0.217795
180  0.218384
181  0.218975
182  0.21957
183  0.220167
184  0.220767
185  0.221369
186  0.221975
187  0.222583
188  0.223195
189  0.223809
190  0.224426
191  0.225046
192  0.225669
193  0.208463
194  0.209008
195  0.209555
196  0.210105
197  0.210658
198  0.211213
199  0.211771
200  0.212331
201  0.212894
202  0.21346
203  0.214028
204  0.214599
205  0.215173
206  0.215749
207  0.216328
208  0.21691
209  0.217494
210  0.218082
211  0.218672
212  0.219264
213  0.21986
214  0.220458
215  0.22106
216  0.221664
217  0.222271
218  0.222881
219  0.223493
220  0.224109
221  0.224728
222  0.225349
223  0.225974
224  0.226601
225  0.209274
226  0.209823
227  0.210374
228  0.210928
229  0.211484
230  0.212043
231  0.212605
232  0.21317
233  0.213736
234  0.214306
235  0.214878
236  0.215453
237  0.216031
238  0.216611
239  0.217194
240  0.21778
241  0.218369
242  0.21896
243  0.219554
244  0.220151
245  0.220751
246  0.221354
247  0.221959
248  0.222567
249  0.223179
250  0.223793
251  0.22441
252  0.22503
253  0.225653
254  0.226279
255  0.226908
256  0.22754
257  0.210091
258  0.210644
259  0.211199
260  0.211756
261  0.212317
262  0.21288
263  0.213445
264  0.214013
265  0.214584
266  0.215158
267  0.215734
268  0.216313
269  0.216895
270  0.217479
271  0.218066
272  0.218656
273  0.219249
274  0.219845
275  0.220443
276  0.221044
277  0.221648
278  0.222255
279  0.222865
280  0.223477
281  0.224093
282  0.224712
283  0.225333
284  0.225957
285  0.226585
286  0.227215
287  0.227849
288  0.228485
289  0.210914
290  0.21147
291  0.212029
292  0.21259
293  0.213155
294  0.213722
295  0.214291
296  0.214863
297  0.215438
298  0.216016
299  0.216596
300  0.217179
301  0.217765
302  0.218353
303  0.218945
304  0.219539
305  0.220136
306  0.220735
307  0.221338
308  0.221943
309  0.222552
310  0.223163
311  0.223777
312  0.224394
313  0.225014
314  0.225637
315  0.226263
316  0.226892
317  0.227523
318  0.228158
319  0.228796
320  0.229437
321  0.211742
322  0.212302
323  0.212865
324  0.213431
325  0.213999
326  0.214569
327  0.215143
328  0.215719
329  0.216298
330  0.21688
331  0.217464
332  0.218051
333  0.218641
334  0.219234
335  0.219829
336  0.220427
337  0.221028
338  0.221632
339  0.222239
340  0.222849
341  0.223462
342  0.224077
343  0.224696
344  0.225317
345  0.225941
346  0.226569
347  0.227199
348  0.227832
349  0.228469
350  0.229108
351  0.229751
352  0.230396
353  0.212576
354  0.21314
355  0.213707
356  0.214276
357  0.214848
358  0.215423
359  0.216001
360  0.216581
361  0.217164
362  0.217749
363  0.218338
364  0.218929
365  0.219523
366  0.22012
367  0.22072
368  0.221322
369  0.221928
370  0.222536
371  0.223147
372  0.223761
373  0.224378
374  0.224998
375  0.225621
376  0.226246
377  0.226875
378  0.227507
379  0.228142
380  0.22878
381  0.229421
382  0.230065
383  0.230712
384  0.231362
385  0.213416
386  0.213984
387  0.214555
388  0.215128
389  0.215704
390  0.216283
391  0.216864
392  0.217449
393  0.218036
394  0.218625
395  0.219218
396  0.219813
397  0.220412
398  0.221013
399  0.221617
400  0.222223
401  0.222833
402  0.223446
403  0.224061
404  0.224679
405  0.225301
406  0.225925
407  0.226552
408  0.227182
409  0.227816
410  0.228452
411  0.229091
412  0.229734
413  0.230379
414  0.231028
415  0.231679
416  0.232334
417  0.214262
418  0.214834
419  0.215408
420  0.215986
421  0.216566
422  0.217149
423  0.217734
424  0.218323
425  0.218914
426  0.219508
427  0.220105
428  0.220704
429  0.221307
430  0.221912
431  0.22252
432  0.223131
433  0.223745
434  0.224362
435  0.224982
436  0.225604
437  0.22623
438  0.226859
439  0.227491
440  0.228125
441  0.228763
442  0.229404
443  0.230048
444  0.230695
445  0.231345
446  0.231998
447  0.232654
448  0.233314
449  0.215113
450  0.215689
451  0.216268
452  0.216849
453  0.217434
454  0.21802
455  0.21861
456  0.219203
457  0.219798
458  0.220396
459  0.220997
460  0.221601
461  0.222208
462  0.222817
463  0.22343
464  0.224045
465  0.224663
466  0.225285
467  0.225909
468  0.226536
469  0.227166
470  0.227799
471  0.228436
472  0.229075
473  0.229717
474  0.230362
475  0.231011
476  0.231663
477  0.232317
478  0.232975
479  0.233636
480  0.2343
481  0.215971
482  0.216551
483  0.217133
484  0.217719
485  0.218307
486  0.218899
487  0.219492
488  0.220089
489  0.220689
490  0.221291
491  0.221896
492  0.222504
493  0.223115
494  0.223729
495  0.224346
496  0.224966
497  0.225588
498  0.226214
499  0.226842
500  0.227474
501  0.228109
502  0.228747
503  0.229387
504  0.230031
505  0.230678
506  0.231328
507  0.231981
508  0.232637
509  0.233297
510  0.233959
511  0.234625
512  0.235294
513  0.216834
514  0.217418
515  0.218005
516  0.218595
517  0.219187
518  0.219783
519  0.220381
520  0.220982
521  0.221585
522  0.222192
523  0.222801
524  0.223414
525  0.224029
526  0.224647
527  0.225268
528  0.225893
529  0.22652
530  0.22715
531  0.227783
532  0.228419
533  0.229058
534  0.2297
535  0.230346
536  0.230994
537  0.231646
538  0.2323
539  0.232958
540  0.233619
541  0.234283
542  0.234951
543  0.235621
544  0.236295
545  0.217704
546  0.218292
547  0.218883
548  0.219477
549  0.220073
550  0.220673
551  0.221275
552  0.22188
553  0.222488
554  0.223099
555  0.223713
556  0.22433
557  0.224949
558  0.225572
559  0.226198
560  0.226826
561  0.227458
562  0.228092
563  0.22873
564  0.22937
565  0.230014
566  0.230661
567  0.231311
568  0.231964
569  0.23262
570  0.23328
571  0.233942
572  0.234608
573  0.235277
574  0.235949
575  0.236624
576  0.237303
577  0.21858
578  0.219172
579  0.219767
580  0.220365
581  0.220966
582  0.22157
583  0.222176
584  0.222786
585  0.223398
586  0.224013
587  0.224631
588  0.225252
589  0.225876
590  0.226503
591  0.227133
592  0.227766
593  0.228402
594  0.229042
595  0.229684
596  0.230329
597  0.230977
598  0.231629
599  0.232283
600  0.232941
601  0.233602
602  0.234266
603  0.234933
604  0.235604
605  0.236277
606  0.236954
607  0.237634
608  0.238318
609  0.219461
610  0.220058
611  0.220657
612  0.22126
613  0.221865
614  0.222473
615  0.223083
616  0.223697
617  0.224314
618  0.224933
619  0.225556
620  0.226181
621  0.22681
622  0.227441
623  0.228076
624  0.228713
625  0.229354
626  0.229998
627  0.230644
628  0.231294
629  0.231947
630  0.232603
631  0.233262
632  0.233925
633  0.23459
634  0.235259
635  0.235931
636  0.236607
637  0.237285
638  0.237967
639  0.238652
640  0.23934
641  0.22035
642  0.22095
643  0.221554
644  0.22216
645  0.22277
646  0.223382
647  0.223997
648  0.224615
649  0.225236
650  0.22586
651  0.226487
652  0.227117
653  0.22775
654  0.228386
655  0.229025
656  0.229667
657  0.230312
658  0.23096
659  0.231612
660  0.232266
661  0.232924
662  0.233585
663  0.234249
664  0.234916
665  0.235586
666  0.23626
667  0.236937
668  0.237617
669  0.2383
670  0.238987
671  0.239677
672  0.24037
673  0.221244
674  0.221849
675  0.222457
676  0.223067
677  0.223681
678  0.224298
679  0.224917
680  0.22554
681  0.226165
682  0.226793
683  0.227425
684  0.228059
685  0.228697
686  0.229337
687  0.229981
688  0.230628
689  0.231277
690  0.23193
691  0.232586
692  0.233245
693  0.233908
694  0.234573
695  0.235242
696  0.235914
697  0.236589
698  0.237267
699  0.237949
700  0.238634
701  0.239322
702  0.240014
703  0.240709
704  0.241407
705  0.222145
706  0.222754
707  0.223366
708  0.223981
709  0.224599
710  0.22522
711  0.225844
712  0.226471
713  0.227101
714  0.227733
715  0.228369
716  0.229008
717  0.22965
718  0.230295
719  0.230944
720  0.231595
721  0.232249
722  0.232907
723  0.233567
724  0.234231
725  0.234899
726  0.235569
727  0.236242
728  0.236919
729  0.237599
730  0.238282
731  0.238969
732  0.239659
733  0.240352
734  0.241049
735  0.241749
736  0.242452
737  0.223052
738  0.223665
739  0.224282
740  0.224901
741  0.225523
742  0.226149
743  0.226777
744  0.227408
745  0.228043
746  0.22868
747  0.229321
748  0.229964
749  0.230611
750  0.23126
751  0.231913
752  0.232569
753  0.233228
754  0.23389
755  0.234556
756  0.235225
757  0.235896
758  0.236571
759  0.23725
760  0.237931
761  0.238616
762  0.239304
763  0.239996
764  0.240691
765  0.241389
766  0.242091
767  0.242796
768  0.243504
769  0.223965
770  0.224583
771  0.225204
772  0.225828
773  0.226454
774  0.227084
775  0.227717
776  0.228353
777  0.228992
778  0.229634
779  0.230279
780  0.230927
781  0.231578
782  0.232232
783  0.23289
784  0.23355
785  0.234214
786  0.234881
787  0.235551
788  0.236225
789  0.236901
790  0.237581
791  0.238265
792  0.238951
793  0.239641
794  0.240334
795  0.241031
796  0.24173
797  0.242434
798  0.24314
799  0.24385
800  0.244564
801  0.224885
802  0.225507
803  0.226132
804  0.226761
805  0.227392
806  0.228026
807  0.228664
808  0.229304
809  0.229947
810  0.230594
811  0.231243
812  0.231896
813  0.232552
814  0.233211
815  0.233873
816  0.234539
817  0.235207
818  0.235879
819  0.236554
820  0.237232
821  0.237914
822  0.238599
823  0.239287
824  0.239978
825  0.240673
826  0.241371
827  0.242073
828  0.242777
829  0.243486
830  0.244197
831  0.244913
832  0.245631
833  0.225811
834  0.226438
835  0.227068
836  0.227701
837  0.228336
838  0.228975
839  0.229617
840  0.230262
841  0.23091
842  0.231561
843  0.232215
844  0.232873
845  0.233533
846  0.234197
847  0.234864
848  0.235534
849  0.236207
850  0.236884
851  0.237564
852  0.238247
853  0.238933
854  0.239623
855  0.240316
856  0.241012
857  0.241712
858  0.242415
859  0.243122
860  0.243832
861  0.244545
862  0.245262
863  0.245983
864  0.246706
865  0.226744
866  0.227376
867  0.22801
868  0.228647
869  0.229287
870  0.229931
871  0.230577
872  0.231227
873  0.231879
874  0.232535
875  0.233194
876  0.233856
877  0.234521
878  0.23519
879  0.235861
880  0.236536
881  0.237214
882  0.237896
883  0.238581
884  0.239269
885  0.23996
886  0.240655
887  0.241353
888  0.242054
889  0.242759
890  0.243467
891  0.244179
892  0.244894
893  0.245613
894  0.246335
895  0.24706
896  0.247789
897  0.227684
898  0.22832
899  0.228958
900  0.2296
901  0.230245
902  0.230893
903  0.231544
904  0.232198
905  0.232855
906  0.233516
907  0.23418
908  0.234846
909  0.235516
910  0.23619
911  0.236866
912  0.237546
913  0.238229
914  0.238915
915  0.239605
916  0.240298
917  0.240994
918  0.241694
919  0.242397
920  0.243104
921  0.243813
922  0.244527
923  0.245244
924  0.245964
925  0.246688
926  0.247415
927  0.248145
928  0.24888
929  0.22863
930  0.229271
931  0.229914
932  0.23056
933  0.23121
934  0.231862
935  0.232518
936  0.233177
937  0.233839
938  0.234504
939  0.235172
940  0.235844
941  0.236519
942  0.237197
943  0.237878
944  0.238563
945  0.239251
946  0.239942
947  0.240637
948  0.241335
949  0.242036
950  0.242741
951  0.243449
952  0.24416
953  0.244875
954  0.245594
955  0.246316
956  0.247041
957  0.24777
958  0.248503
959  0.249239
960  0.249978
961  0.229584
962  0.230228
963  0.230876
964  0.231527
965  0.232181
966  0.232838
967  0.233499
968  0.234162
969  0.234829
970  0.235499
971  0.236172
972  0.236849
973  0.237528
974  0.238211
975  0.238898
976  0.239587
977  0.24028
978  0.240976
979  0.241676
980  0.242379
981  0.243085
982  0.243795
983  0.244508
984  0.245225
985  0.245945
986  0.246669
987  0.247396
988  0.248126
989  0.248861
990  0.249598
991  0.25034
992  0.251085
993  0.230543
994  0.231193
995  0.231845
996  0.232501
997  0.23316
998  0.233821
999  0.234487
1000  0.235155
1001  0.235826
1002  0.236501
1003  0.237179
1004  0.237861
1005  0.238545
1006  0.239233
1007  0.239924
1008  0.240619
1009  0.241316
1010  0.242018
1011  0.242722
1012  0.24343
1013  0.244142
1014  0.244857
1015  0.245575
1016  0.246297
1017  0.247022
1018  0.247751
1019  0.248484
1020  0.24922
1021  0.249959
1022  0.250702
1023  0.251449
1024  0.252199
1025  0.23151
1026  0.232164
1027  0.232821
1028  0.233482
1029  0.234145
1030  0.234812
1031  0.235482
1032  0.236155
1033  0.236831
1034  0.237511
1035  0.238193
1036  0.23888
1037  0.239569
1038  0.240262
1039  0.240958
1040  0.241658
1041  0.24236
1042  0.243067
1043  0.243777
1044  0.24449
1045  0.245206
1046  0.245926
1047  0.24665
1048  0.247377
1049  0.248107
1050  0.248842
1051  0.249579
1052  0.25032
1053  0.251065
1054  0.251814
1055  0.252566
1056  0.253321
1057  0.232484
1058  0.233142
1059  0.233804
1060  0.234469
1061  0.235138
1062  0.235809
1063  0.236484
1064  0.237162
1065  0.237843
1066  0.238527
1067  0.239215
1068  0.239906
1069  0.240601
1070  0.241298
1071  0.242
1072  0.242704
1073  0.243412
1074  0.244123
1075  0.244838
1076  0.245557
1077  0.246278
1078  0.247003
1079  0.247732
1080  0.248465
1081  0.2492
1082  0.24994
1083  0.250683
1084  0.251429
1085  0.252179
1086  0.252933
1087  0.253691
1088  0.254452
1089  0.233464
1090  0.234128
1091  0.234794
1092  0.235464
1093  0.236137
1094  0.236813
1095  0.237493
1096  0.238176
1097  0.238862
1098  0.239551
1099  0.240244
1100  0.24094
1101  0.241639
1102  0.242342
1103  0.243049
1104  0.243758
1105  0.244471
1106  0.245188
1107  0.245908
1108  0.246631
1109  0.247358
1110  0.248088
1111  0.248822
1112  0.24956
1113  0.250301
1114  0.251046
1115  0.251794
1116  0.252546
1117  0.253302
1118  0.254061
1119  0.254824
1120  0.25559
1121  0.234452
1122  0.23512
1123  0.235791
1124  0.236466
1125  0.237144
1126  0.237825
1127  0.238509
1128  0.239197
1129  0.239888
1130  0.240583
1131  0.24128
1132  0.241981
1133  0.242686
1134  0.243394
1135  0.244105
1136  0.24482
1137  0.245538
1138  0.246259
1139  0.246985
1140  0.247713
1141  0.248445
1142  0.249181
1143  0.249921
1144  0.250663
1145  0.25141
1146  0.25216
1147  0.252913
1148  0.253671
1149  0.254432
1150  0.255197
1151  0.255965
1152  0.256737
1153  0.235447
1154  0.23612
1155  0.236796
1156  0.237475
1157  0.238158
1158  0.238844
1159  0.239533
1160  0.240226
1161  0.240922
1162  0.241621
1163  0.242324
1164  0.24303
1165  0.24374
1166  0.244453
1167  0.245169
1168  0.245889
1169  0.246612
1170  0.247339
1171  0.248069
1172  0.248803
1173  0.249541
1174  0.250282
1175  0.251026
1176  0.251775
1177  0.252526
1178  0.253282
1179  0.254041
1180  0.254804
1181  0.25557
1182  0.25634
1183  0.257114
1184  0.257892
1185  0.236449
1186  0.237126
1187  0.237807
1188  0.238492
1189  0.239179
1190  0.23987
1191  0.240564
1192  0.241262
1193  0.241963
1194  0.242667
1195  0.243375
1196  0.244086
1197  0.244801
1198  0.245519
1199  0.246241
1200  0.246966
1201  0.247694
1202  0.248426
1203  0.249162
1204  0.249901
1205  0.250644
1206  0.25139
1207  0.25214
1208  0.252894
1209  0.253651
1210  0.254412
1211  0.255177
1212  0.255945
1213  0.256717
1214  0.257493
1215  0.258272
1216  0.259055
1217  0.237458
1218  0.23814
1219  0.238826
1220  0.239515
1221  0.240208
1222  0.240904
1223  0.241603
1224  0.242306
1225  0.243012
1226  0.243721
1227  0.244434
1228  0.24515
1229  0.24587
1230  0.246593
1231  0.24732
1232  0.24805
1233  0.248784
1234  0.249522
1235  0.250263
1236  0.251007
1237  0.251755
1238  0.252507
1239  0.253262
1240  0.254021
1241  0.254784
1242  0.25555
1243  0.25632
1244  0.257094
1245  0.257872
1246  0.258653
1247  0.259438
1248  0.260227
1249  0.238474
1250  0.239161
1251  0.239852
1252  0.240546
1253  0.241244
1254  0.241945
1255  0.242649
1256  0.243357
1257  0.244068
1258  0.244782
1259  0.245501
1260  0.246222
1261  0.246947
1262  0.247676
1263  0.248407
1264  0.249143
1265  0.249882
1266  0.250625
1267  0.251371
1268  0.252121
1269  0.252874
1270  0.253632
1271  0.254392
1272  0.255157
1273  0.255925
1274  0.256697
1275  0.257472
1276  0.258252
1277  0.259035
1278  0.259822
1279  0.260612
1280  0.261407
1281  0.239497
1282  0.24019
1283  0.240886
1284  0.241585
1285  0.242287
1286  0.242993
1287  0.243703
1288  0.244416
1289  0.245132
1290  0.245851
1291  0.246575
1292  0.247301
1293  0.248031
1294  0.248765
1295  0.249502
1296  0.250243
1297  0.250988
1298  0.251736
1299  0.252487
1300  0.253243
1301  0.254001
1302  0.254764
1303  0.25553
1304  0.2563
1305  0.257074
1306  0.257851
1307  0.258633
1308  0.259418
1309  0.260206
1310  0.260999
1311  0.261795
1312  0.262595
1313  0.240528
1314  0.241226
1315  0.241927
1316  0.242631
1317  0.243338
1318  0.244049
1319  0.244764
1320  0.245482
1321  0.246203
1322  0.246928
1323  0.247656
1324  0.248388
1325  0.249124
1326  0.249863
1327  0.250605
1328  0.251352
1329  0.252101
1330  0.252855
1331  0.253612
1332  0.254372
1333  0.255137
1334  0.255905
1335  0.256677
1336  0.257452
1337  0.258231
1338  0.259014
1339  0.259801
1340  0.260592
1341  0.261386
1342  0.262184
1343  0.262986
1344  0.263792
1345  0.241567
1346  0.242269
1347  0.242975
1348  0.243684
1349  0.244397
1350  0.245113
1351  0.245833
1352  0.246556
1353  0.247282
1354  0.248012
1355  0.248746
1356  0.249483
1357  0.250224
1358  0.250968
1359  0.251716
1360  0.252468
1361  0.253223
1362  0.253982
1363  0.254744
1364  0.255511
1365  0.25628
1366  0.257054
1367  0.257831
1368  0.258612
1369  0.259397
1370  0.260186
1371  0.260978
1372  0.261775
1373  0.262575
1374  0.263378
1375  0.264186
1376  0.264998
1377  0.242612
1378  0.24332
1379  0.244031
1380  0.244745
1381  0.245463
1382  0.246184
1383  0.246909
1384  0.247638
1385  0.248369
1386  0.249105
1387  0.249844
1388  0.250586
1389  0.251332
1390  0.252082
1391  0.252835
1392  0.253592
1393  0.254353
1394  0.255117
1395  0.255885
1396  0.256657
1397  0.257432
1398  0.258211
1399  0.258994
1400  0.259781
1401  0.260571
1402  0.261366
1403  0.262164
1404  0.262966
1405  0.263771
1406  0.264581
1407  0.265395
1408  0.266212
1409  0.243666
1410  0.244378
1411  0.245094
1412  0.245814
1413  0.246537
1414  0.247264
1415  0.247994
1416  0.248727
1417  0.249464
1418  0.250205
1419  0.250949
1420  0.251697
1421  0.252448
1422  0.253203
1423  0.253962
1424  0.254724
1425  0.255491
1426  0.25626
1427  0.257034
1428  0.257811
1429  0.258592
1430  0.259377
1431  0.260165
1432  0.260958
1433  0.261754
1434  0.262554
1435  0.263357
1436  0.264165
1437  0.264977
1438  0.265792
1439  0.266612
1440  0.267435
