1  0.0230484
2  0.0231094
3  0.0231708
4  0.0232324
5  0.0232943
6  0.0233564
7  0.0234189
8  0.0234816
9  0.0235446
10  0.023608
11  0.0236716
12  0.0237354
13  0.0237996
14  0.0238641
15  0.0239289
16  0.0239939
17  0.0240593
18  0.0241249
19  0.0241909
20  0.0242572
21  0.0243237
22  0.0243906
23  0.0244578
24  0.0245252
25  0.024593
26  0.0246611
27  0.0247296
28  0.0247983
29  0.0248673
30  0.0249367
31  0.0250064
32  0.0250764
33  0.0231393
34  0.0232007
35  0.0232625
36  0.0233245
37  0.0233868
38  0.0234494
39  0.0235123
40  0.0235755
41  0.0236389
42  0.0237026
43  0.0237667
44  0.023831
45  0.0238956
46  0.0239605
47  0.0240257
48  0.0240912
49  0.024157
50  0.0242231
51  0.0242895
52  0.0243563
53  0.0244233
54  0.0244906
55  0.0245582
56  0.0246262
57  0.0246944
58  0.024763
59  0.0248319
60  0.0249011
61  0.0249706
62  0.0250405
63  0.0251106
64  0.0251811
65  0.0232308
66  0.0232926
67  0.0233548
68  0.0234173
69  0.02348
70  0.023543
71  0.0236063
72  0.0236699
73  0.0237338
74  0.023798
75  0.0238624
76  0.0239272
77  0.0239922
78  0.0240576
79  0.0241232
80  0.0241892
81  0.0242554
82  0.024322
83  0.0243889
84  0.024456
85  0.0245235
86  0.0245913
87  0.0246594
88  0.0247278
89  0.0247965
90  0.0248656
91  0.0249349
92  0.0250046
93  0.0250746
94  0.0251449
95  0.0252156
96  0.0252865
97  0.0233229
98  0.0233852
99  0.0234478
100  0.0235107
101  0.0235738
102  0.0236373
103  0.023701
104  0.023765
105  0.0238293
106  0.0238939
107  0.0239588
108  0.024024
109  0.0240895
110  0.0241553
111  0.0242214
112  0.0242878
113  0.0243545
114  0.0244215
115  0.0244888
116  0.0245565
117  0.0246244
118  0.0246927
119  0.0247612
120  0.0248301
121  0.0248993
122  0.0249688
123  0.0250386
124  0.0251088
125  0.0251793
126  0.0252501
127  0.0253212
128  0.0253927
129  0.0234156
130  0.0234784
131  0.0235414
132  0.0236047
133  0.0236683
134  0.0237321
135  0.0237963
136  0.0238607
137  0.0239255
138  0.0239905
139  0.0240559
140  0.0241215
141  0.0241875
142  0.0242537
143  0.0243203
144  0.0243871
145  0.0244543
146  0.0245217
147  0.0245895
148  0.0246576
149  0.024726
150  0.0247947
151  0.0248638
152  0.0249331
153  0.0250028
154  0.0250728
155  0.0251431
156  0.0252137
157  0.0252847
158  0.025356
159  0.0254276
160  0.0254995
161  0.023509
162  0.0235722
163  0.0236356
164  0.0236993
165  0.0237633
166  0.0238276
167  0.0238922
168  0.0239571
169  0.0240223
170  0.0240878
171  0.0241536
172  0.0242197
173  0.0242861
174  0.0243528
175  0.0244198
176  0.0244871
177  0.0245547
178  0.0246226
179  0.0246909
180  0.0247594
181  0.0248283
182  0.0248975
183  0.024967
184  0.0250368
185  0.025107
186  0.0251774
187  0.0252482
188  0.0253194
189  0.0253908
190  0.0254626
191  0.0255347
192  0.0256072
193  0.023603
194  0.0236666
195  0.0237305
196  0.0237946
197  0.0238591
198  0.0239238
199  0.0239889
200  0.0240542
201  0.0241198
202  0.0241858
203  0.024252
204  0.0243185
205  0.0243854
206  0.0244525
207  0.02452
208  0.0245878
209  0.0246558
210  0.0247242
211  0.0247929
212  0.024862
213  0.0249313
214  0.025001
215  0.0250709
216  0.0251413
217  0.0252119
218  0.0252828
219  0.0253541
220  0.0254257
221  0.0254977
222  0.0255699
223  0.0256426
224  0.0257155
225  0.0236977
226  0.0237617
227  0.023826
228  0.0238906
229  0.0239555
230  0.0240206
231  0.0240861
232  0.0241519
233  0.024218
234  0.0242844
235  0.0243511
236  0.024418
237  0.0244853
238  0.024553
239  0.0246209
240  0.0246891
241  0.0247577
242  0.0248265
243  0.0248957
244  0.0249652
245  0.025035
246  0.0251052
247  0.0251756
248  0.0252464
249  0.0253175
250  0.025389
251  0.0254607
252  0.0255328
253  0.0256053
254  0.025678
255  0.0257512
256  0.0258246
257  0.023793
258  0.0238574
259  0.0239221
260  0.0239872
261  0.0240525
262  0.0241181
263  0.024184
264  0.0242503
265  0.0243168
266  0.0243836
267  0.0244508
268  0.0245182
269  0.024586
270  0.0246541
271  0.0247224
272  0.0247912
273  0.0248602
274  0.0249295
275  0.0249992
276  0.0250691
277  0.0251394
278  0.02521
279  0.025281
280  0.0253523
281  0.0254239
282  0.0254958
283  0.0255681
284  0.0256407
285  0.0257136
286  0.0257869
287  0.0258605
288  0.0259344
289  0.0238889
290  0.0239538
291  0.0240189
292  0.0240844
293  0.0241502
294  0.0242163
295  0.0242826
296  0.0243493
297  0.0244163
298  0.0244836
299  0.0245512
300  0.0246191
301  0.0246873
302  0.0247559
303  0.0248247
304  0.0248939
305  0.0249634
306  0.0250332
307  0.0251033
308  0.0251738
309  0.0252446
310  0.0253157
311  0.0253871
312  0.0254589
313  0.025531
314  0.0256034
315  0.0256761
316  0.0257493
317  0.0258227
318  0.0258965
319  0.0259706
320  0.026045
321  0.0239855
322  0.0240508
323  0.0241164
324  0.0241823
325  0.0242485
326  0.0243151
327  0.0243819
328  0.024449
329  0.0245165
330  0.0245842
331  0.0246523
332  0.0247207
333  0.0247894
334  0.0248584
335  0.0249277
336  0.0249973
337  0.0250673
338  0.0251376
339  0.0252082
340  0.0252791
341  0.0253504
342  0.025422
343  0.0254939
344  0.0255662
345  0.0256388
346  0.0257117
347  0.025785
348  0.0258586
349  0.0259325
350  0.0260068
351  0.0260814
352  0.0261564
353  0.0240827
354  0.0241485
355  0.0242145
356  0.0242809
357  0.0243476
358  0.0244146
359  0.0244818
360  0.0245494
361  0.0246173
362  0.0246856
363  0.0247541
364  0.0248229
365  0.0248921
366  0.0249616
367  0.0250314
368  0.0251015
369  0.0251719
370  0.0252427
371  0.0253138
372  0.0253852
373  0.025457
374  0.0255291
375  0.0256015
376  0.0256743
377  0.0257473
378  0.0258208
379  0.0258945
380  0.0259687
381  0.0260431
382  0.0261179
383  0.026193
384  0.0262685
385  0.0241806
386  0.0242468
387  0.0243133
388  0.0243802
389  0.0244473
390  0.0245147
391  0.0245825
392  0.0246505
393  0.0247189
394  0.0247876
395  0.0248566
396  0.0249259
397  0.0249955
398  0.0250655
399  0.0251358
400  0.0252064
401  0.0252773
402  0.0253486
403  0.0254201
404  0.0254921
405  0.0255643
406  0.0256369
407  0.0257098
408  0.0257831
409  0.0258567
410  0.0259306
411  0.0260049
412  0.0260795
413  0.0261545
414  0.0262298
415  0.0263054
416  0.0263814
417  0.0242792
418  0.0243458
419  0.0244128
420  0.0244801
421  0.0245477
422  0.0246156
423  0.0246838
424  0.0247523
425  0.0248211
426  0.0248903
427  0.0249598
428  0.0250296
429  0.0250997
430  0.0251701
431  0.0252409
432  0.025312
433  0.0253834
434  0.0254551
435  0.0255272
436  0.0255996
437  0.0256724
438  0.0257455
439  0.0258189
440  0.0258926
441  0.0259667
442  0.0260412
443  0.026116
444  0.0261911
445  0.0262666
446  0.0263424
447  0.0264186
448  0.0264951
449  0.0243784
450  0.0244455
451  0.024513
452  0.0245807
453  0.0246488
454  0.0247171
455  0.0247858
456  0.0248548
457  0.0249241
458  0.0249937
459  0.0250637
460  0.0251339
461  0.0252045
462  0.0252755
463  0.0253467
464  0.0254183
465  0.0254902
466  0.0255624
467  0.025635
468  0.0257079
469  0.0257812
470  0.0258547
471  0.0259287
472  0.0260029
473  0.0260776
474  0.0261525
475  0.0262278
476  0.0263035
477  0.0263795
478  0.0264558
479  0.0265325
480  0.0266096
481  0.0244783
482  0.0245459
483  0.0246138
484  0.024682
485  0.0247505
486  0.0248194
487  0.0248885
488  0.024958
489  0.0250278
490  0.0250979
491  0.0251683
492  0.025239
493  0.0253101
494  0.0253815
495  0.0254533
496  0.0255253
497  0.0255977
498  0.0256705
499  0.0257435
500  0.025817
501  0.0258907
502  0.0259648
503  0.0260392
504  0.026114
505  0.0261891
506  0.0262646
507  0.0263404
508  0.0264166
509  0.0264931
510  0.02657
511  0.0266472
512  0.0267248
513  0.0245789
514  0.024647
515  0.0247153
516  0.024784
517  0.024853
518  0.0249223
519  0.0249919
520  0.0250619
521  0.0251321
522  0.0252027
523  0.0252736
524  0.0253449
525  0.0254164
526  0.0254883
527  0.0255606
528  0.0256331
529  0.025706
530  0.0257793
531  0.0258528
532  0.0259268
533  0.026001
534  0.0260756
535  0.0261506
536  0.0262259
537  0.0263015
538  0.0263775
539  0.0264538
540  0.0265305
541  0.0266076
542  0.026685
543  0.0267628
544  0.0268409
545  0.0246802
546  0.0247487
547  0.0248176
548  0.0248867
549  0.0249562
550  0.0250259
551  0.025096
552  0.0251665
553  0.0252372
554  0.0253083
555  0.0253797
556  0.0254514
557  0.0255235
558  0.0255959
559  0.0256686
560  0.0257416
561  0.025815
562  0.0258888
563  0.0259629
564  0.0260373
565  0.0261121
566  0.0261872
567  0.0262626
568  0.0263385
569  0.0264146
570  0.0264911
571  0.026568
572  0.0266452
573  0.0267228
574  0.0268008
575  0.0268791
576  0.0269577
577  0.0247822
578  0.0248512
579  0.0249205
580  0.0249901
581  0.02506
582  0.0251303
583  0.0252009
584  0.0252718
585  0.025343
586  0.0254146
587  0.0254865
588  0.0255587
589  0.0256312
590  0.0257041
591  0.0257774
592  0.0258509
593  0.0259248
594  0.0259991
595  0.0260737
596  0.0261486
597  0.0262239
598  0.0262995
599  0.0263755
600  0.0264518
601  0.0265285
602  0.0266056
603  0.026683
604  0.0267607
605  0.0268389
606  0.0269173
607  0.0269962
608  0.0270754
609  0.0248849
610  0.0249544
611  0.0250241
612  0.0250942
613  0.0251646
614  0.0252354
615  0.0253064
616  0.0253778
617  0.0254495
618  0.0255216
619  0.025594
620  0.0256667
621  0.0257397
622  0.0258131
623  0.0258869
624  0.025961
625  0.0260354
626  0.0261101
627  0.0261852
628  0.0262607
629  0.0263365
630  0.0264126
631  0.0264892
632  0.026566
633  0.0266432
634  0.0267208
635  0.0267987
636  0.026877
637  0.0269557
638  0.0270347
639  0.0271141
640  0.0271938
641  0.0249883
642  0.0250582
643  0.0251285
644  0.025199
645  0.0252699
646  0.0253412
647  0.0254127
648  0.0254846
649  0.0255568
650  0.0256293
651  0.0257022
652  0.0257754
653  0.025849
654  0.0259229
655  0.0259971
656  0.0260717
657  0.0261467
658  0.0262219
659  0.0262976
660  0.0263735
661  0.0264499
662  0.0265265
663  0.0266036
664  0.026681
665  0.0267587
666  0.0268368
667  0.0269153
668  0.0269941
669  0.0270733
670  0.0271529
671  0.0272328
672  0.0273131
673  0.0250924
674  0.0251628
675  0.0252335
676  0.0253046
677  0.025376
678  0.0254477
679  0.0255197
680  0.0255921
681  0.0256648
682  0.0257378
683  0.0258112
684  0.025885
685  0.025959
686  0.0260334
687  0.0261082
688  0.0261833
689  0.0262587
690  0.0263345
691  0.0264107
692  0.0264872
693  0.026564
694  0.0266412
695  0.0267188
696  0.0267967
697  0.026875
698  0.0269536
699  0.0270326
700  0.027112
701  0.0271918
702  0.0272719
703  0.0273524
704  0.0274332
705  0.0251972
706  0.0252681
707  0.0253393
708  0.0254108
709  0.0254827
710  0.0255549
711  0.0256275
712  0.0257003
713  0.0257735
714  0.0258471
715  0.025921
716  0.0259952
717  0.0260698
718  0.0261447
719  0.02622
720  0.0262956
721  0.0263716
722  0.0264479
723  0.0265245
724  0.0266016
725  0.026679
726  0.0267567
727  0.0268348
728  0.0269132
729  0.0269921
730  0.0270713
731  0.0271508
732  0.0272307
733  0.027311
734  0.0273917
735  0.0274727
736  0.0275541
737  0.0253027
738  0.0253741
739  0.0254458
740  0.0255178
741  0.0255902
742  0.0256629
743  0.0257359
744  0.0258093
745  0.025883
746  0.0259571
747  0.0260315
748  0.0261062
749  0.0261813
750  0.0262568
751  0.0263325
752  0.0264087
753  0.0264852
754  0.026562
755  0.0266392
756  0.0267168
757  0.0267947
758  0.026873
759  0.0269516
760  0.0270306
761  0.02711
762  0.0271897
763  0.0272698
764  0.0273503
765  0.0274311
766  0.0275123
767  0.0275939
768  0.0276759
769  0.025409
770  0.0254808
771  0.025553
772  0.0256256
773  0.0256984
774  0.0257716
775  0.0258452
776  0.0259191
777  0.0259933
778  0.0260679
779  0.0261428
780  0.026218
781  0.0262936
782  0.0263696
783  0.0264459
784  0.0265226
785  0.0265996
786  0.0266769
787  0.0267547
788  0.0268328
789  0.0269112
790  0.02699
791  0.0270692
792  0.0271487
793  0.0272287
794  0.0273089
795  0.0273896
796  0.0274706
797  0.027552
798  0.0276338
799  0.0277159
800  0.0277985
801  0.025516
802  0.0255883
803  0.025661
804  0.0257341
805  0.0258074
806  0.0258811
807  0.0259552
808  0.0260296
809  0.0261043
810  0.0261794
811  0.0262548
812  0.0263306
813  0.0264067
814  0.0264832
815  0.02656
816  0.0266372
817  0.0267148
818  0.0267927
819  0.0268709
820  0.0269495
821  0.0270285
822  0.0271079
823  0.0271876
824  0.0272677
825  0.0273482
826  0.027429
827  0.0275102
828  0.0275918
829  0.0276737
830  0.0277561
831  0.0278388
832  0.0279219
833  0.0256237
834  0.0256965
835  0.0257697
836  0.0258433
837  0.0259171
838  0.0259914
839  0.0260659
840  0.0261408
841  0.0262161
842  0.0262917
843  0.0263676
844  0.0264439
845  0.0265206
846  0.0265976
847  0.0266749
848  0.0267526
849  0.0268307
850  0.0269092
851  0.026988
852  0.0270671
853  0.0271467
854  0.0272266
855  0.0273068
856  0.0273875
857  0.0274685
858  0.0275499
859  0.0276316
860  0.0277138
861  0.0277963
862  0.0278792
863  0.0279625
864  0.0280461
865  0.0257322
866  0.0258055
867  0.0258792
868  0.0259532
869  0.0260276
870  0.0261024
871  0.0261774
872  0.0262528
873  0.0263286
874  0.0264047
875  0.0264812
876  0.026558
877  0.0266352
878  0.0267127
879  0.0267906
880  0.0268689
881  0.0269475
882  0.0270265
883  0.0271058
884  0.0271855
885  0.0272656
886  0.0273461
887  0.0274269
888  0.0275081
889  0.0275897
890  0.0276716
891  0.0277539
892  0.0278366
893  0.0279197
894  0.0280032
895  0.028087
896  0.0281713
897  0.0258414
898  0.0259152
899  0.0259894
900  0.026064
901  0.0261389
902  0.0262141
903  0.0262897
904  0.0263656
905  0.0264419
906  0.0265186
907  0.0265956
908  0.0266729
909  0.0267506
910  0.0268287
911  0.0269071
912  0.0269859
913  0.0270651
914  0.0271446
915  0.0272245
916  0.0273048
917  0.0273854
918  0.0274664
919  0.0275478
920  0.0276295
921  0.0277117
922  0.0277942
923  0.027877
924  0.0279603
925  0.028044
926  0.028128
927  0.0282124
928  0.0282972
929  0.0259513
930  0.0260257
931  0.0261004
932  0.0261755
933  0.0262509
934  0.0263266
935  0.0264027
936  0.0264792
937  0.026556
938  0.0266332
939  0.0267107
940  0.0267886
941  0.0268669
942  0.0269455
943  0.0270244
944  0.0271038
945  0.0271835
946  0.0272635
947  0.027344
948  0.0274248
949  0.027506
950  0.0275875
951  0.0276695
952  0.0277518
953  0.0278345
954  0.0279176
955  0.028001
956  0.0280848
957  0.0281691
958  0.0282537
959  0.0283387
960  0.0284241
961  0.026062
962  0.0261369
963  0.0262122
964  0.0262877
965  0.0263637
966  0.0264399
967  0.0265166
968  0.0265936
969  0.0266709
970  0.0267486
971  0.0268267
972  0.0269051
973  0.0269839
974  0.027063
975  0.0271425
976  0.0272224
977  0.0273027
978  0.0273833
979  0.0274643
980  0.0275457
981  0.0276274
982  0.0277095
983  0.027792
984  0.0278749
985  0.0279581
986  0.0280418
987  0.0281258
988  0.0282102
989  0.028295
990  0.0283802
991  0.0284658
992  0.0285518
993  0.0261735
994  0.0262489
995  0.0263247
996  0.0264008
997  0.0264772
998  0.026554
999  0.0266312
1000  0.0267087
1001  0.0267866
1002  0.0268648
1003  0.0269434
1004  0.0270224
1005  0.0271017
1006  0.0271814
1007  0.0272615
1008  0.0273419
1009  0.0274227
1010  0.0275039
1011  0.0275854
1012  0.0276673
1013  0.0277496
1014  0.0278323
1015  0.0279154
1016  0.0279988
1017  0.0280827
1018  0.0281669
1019  0.0282515
1020  0.0283365
1021  0.0284218
1022  0.0285076
1023  0.0285938
1024  0.0286803
1025  0.0262858
1026  0.0263617
1027  0.026438
1028  0.0265146
1029  0.0265916
1030  0.0266689
1031  0.0267466
1032  0.0268246
1033  0.0269031
1034  0.0269818
1035  0.027061
1036  0.0271405
1037  0.0272203
1038  0.0273006
1039  0.0273812
1040  0.0274622
1041  0.0275435
1042  0.0276253
1043  0.0277074
1044  0.0277899
1045  0.0278727
1046  0.027956
1047  0.0280396
1048  0.0281236
1049  0.028208
1050  0.0282928
1051  0.028378
1052  0.0284636
1053  0.0285495
1054  0.0286359
1055  0.0287226
1056  0.0288098
1057  0.0263988
1058  0.0264752
1059  0.026552
1060  0.0266292
1061  0.0267067
1062  0.0267846
1063  0.0268628
1064  0.0269414
1065  0.0270203
1066  0.0270996
1067  0.0271793
1068  0.0272594
1069  0.0273398
1070  0.0274206
1071  0.0275018
1072  0.0275833
1073  0.0276652
1074  0.0277475
1075  0.0278302
1076  0.0279132
1077  0.0279967
1078  0.0280805
1079  0.0281647
1080  0.0282493
1081  0.0283343
1082  0.0284196
1083  0.0285054
1084  0.0285915
1085  0.0286781
1086  0.028765
1087  0.0288523
1088  0.0289401
1089  0.0265126
1090  0.0265896
1091  0.0266669
1092  0.0267446
1093  0.0268226
1094  0.026901
1095  0.0269798
1096  0.0270589
1097  0.0271384
1098  0.0272183
1099  0.0272985
1100  0.0273791
1101  0.0274601
1102  0.0275414
1103  0.0276231
1104  0.0277052
1105  0.0277877
1106  0.0278706
1107  0.0279538
1108  0.0280374
1109  0.0281214
1110  0.0282058
1111  0.0282906
1112  0.0283758
1113  0.0284613
1114  0.0285473
1115  0.0286336
1116  0.0287204
1117  0.0288075
1118  0.028895
1119  0.0289829
1120  0.0290713
1121  0.0266272
1122  0.0267047
1123  0.0267825
1124  0.0268607
1125  0.0269393
1126  0.0270183
1127  0.0270976
1128  0.0271773
1129  0.0272573
1130  0.0273377
1131  0.0274185
1132  0.0274996
1133  0.0275812
1134  0.0276631
1135  0.0277454
1136  0.027828
1137  0.0279111
1138  0.0279945
1139  0.0280783
1140  0.0281625
1141  0.0282471
1142  0.028332
1143  0.0284174
1144  0.0285031
1145  0.0285893
1146  0.0286758
1147  0.0287627
1148  0.0288501
1149  0.0289378
1150  0.0290259
1151  0.0291144
1152  0.0292034
1153  0.0267425
1154  0.0268206
1155  0.026899
1156  0.0269777
1157  0.0270569
1158  0.0271363
1159  0.0272162
1160  0.0272964
1161  0.027377
1162  0.027458
1163  0.0275393
1164  0.027621
1165  0.0277031
1166  0.0277856
1167  0.0278684
1168  0.0279517
1169  0.0280353
1170  0.0281193
1171  0.0282036
1172  0.0282884
1173  0.0283736
1174  0.0284591
1175  0.0285451
1176  0.0286314
1177  0.0287181
1178  0.0288052
1179  0.0288927
1180  0.0289807
1181  0.029069
1182  0.0291577
1183  0.0292468
1184  0.0293363
1185  0.0268587
1186  0.0269373
1187  0.0270162
1188  0.0270955
1189  0.0271752
1190  0.0272552
1191  0.0273356
1192  0.0274164
1193  0.0274975
1194  0.0275791
1195  0.027661
1196  0.0277432
1197  0.0278259
1198  0.0279089
1199  0.0279923
1200  0.0280761
1201  0.0281603
1202  0.0282449
1203  0.0283298
1204  0.0284152
1205  0.0285009
1206  0.0285871
1207  0.0286736
1208  0.0287605
1209  0.0288478
1210  0.0289355
1211  0.0290236
1212  0.0291121
1213  0.029201
1214  0.0292904
1215  0.0293801
1216  0.0294702
1217  0.0269757
1218  0.0270548
1219  0.0271343
1220  0.0272141
1221  0.0272943
1222  0.0273749
1223  0.0274559
1224  0.0275372
1225  0.0276189
1226  0.027701
1227  0.0277834
1228  0.0278663
1229  0.0279495
1230  0.0280331
1231  0.0281171
1232  0.0282014
1233  0.0282862
1234  0.0283714
1235  0.0284569
1236  0.0285428
1237  0.0286291
1238  0.0287159
1239  0.028803
1240  0.0288905
1241  0.0289784
1242  0.0290667
1243  0.0291554
1244  0.0292445
1245  0.029334
1246  0.0294239
1247  0.0295142
1248  0.029605
1249  0.0270935
1250  0.0271731
1251  0.0272531
1252  0.0273335
1253  0.0274143
1254  0.0274954
1255  0.0275769
1256  0.0276588
1257  0.0277411
1258  0.0278237
1259  0.0279068
1260  0.0279902
1261  0.0280739
1262  0.0281581
1263  0.0282427
1264  0.0283276
1265  0.028413
1266  0.0284987
1267  0.0285848
1268  0.0286713
1269  0.0287582
1270  0.0288455
1271  0.0289332
1272  0.0290213
1273  0.0291098
1274  0.0291987
1275  0.029288
1276  0.0293777
1277  0.0294679
1278  0.0295584
1279  0.0296493
1280  0.0297406
1281  0.027212
1282  0.0272922
1283  0.0273728
1284  0.0274538
1285  0.0275351
1286  0.0276168
1287  0.0276988
1288  0.0277813
1289  0.0278641
1290  0.0279473
1291  0.0280309
1292  0.0281149
1293  0.0281993
1294  0.028284
1295  0.0283691
1296  0.0284547
1297  0.0285406
1298  0.0286269
1299  0.0287136
1300  0.0288007
1301  0.0288882
1302  0.0289761
1303  0.0290644
1304  0.0291531
1305  0.0292422
1306  0.0293317
1307  0.0294216
1308  0.0295119
1309  0.0296026
1310  0.0296937
1311  0.0297853
1312  0.0298772
1313  0.0273314
1314  0.0274122
1315  0.0274933
1316  0.0275748
1317  0.0276567
1318  0.0277389
1319  0.0278216
1320  0.0279046
1321  0.027988
1322  0.0280718
1323  0.0281559
1324  0.0282405
1325  0.0283254
1326  0.0284107
1327  0.0284965
1328  0.0285826
1329  0.0286691
1330  0.028756
1331  0.0288433
1332  0.0289309
1333  0.029019
1334  0.0291075
1335  0.0291964
1336  0.0292857
1337  0.0293754
1338  0.0294655
1339  0.029556
1340  0.0296469
1341  0.0297383
1342  0.02983
1343  0.0299221
1344  0.0300147
1345  0.0274517
1346  0.027533
1347  0.0276146
1348  0.0276967
1349  0.0277791
1350  0.027862
1351  0.0279452
1352  0.0280287
1353  0.0281127
1354  0.0281971
1355  0.0282818
1356  0.0283669
1357  0.0284524
1358  0.0285383
1359  0.0286247
1360  0.0287113
1361  0.0287984
1362  0.0288859
1363  0.0289738
1364  0.0290621
1365  0.0291508
1366  0.0292399
1367  0.0293294
1368  0.0294192
1369  0.0295095
1370  0.0296002
1371  0.0296914
1372  0.0297829
1373  0.0298748
1374  0.0299672
1375  0.0300599
1376  0.0301531
1377  0.0275727
1378  0.0276546
1379  0.0277368
1380  0.0278194
1381  0.0279024
1382  0.0279858
1383  0.0280696
1384  0.0281537
1385  0.0282383
1386  0.0283232
1387  0.0284085
1388  0.0284942
1389  0.0285803
1390  0.0286668
1391  0.0287537
1392  0.028841
1393  0.0289287
1394  0.0290167
1395  0.0291052
1396  0.0291941
1397  0.0292834
1398  0.0293731
1399  0.0294632
1400  0.0295537
1401  0.0296446
1402  0.0297359
1403  0.0298276
1404  0.0299197
1405  0.0300123
1406  0.0301053
1407  0.0301986
1408  0.0302924
1409  0.0276946
1410  0.027777
1411  0.0278598
1412  0.027943
1413  0.0280266
1414  0.0281105
1415  0.0281949
1416  0.0282796
1417  0.0283647
1418  0.0284502
1419  0.0285361
1420  0.0286224
1421  0.0287091
1422  0.0287962
1423  0.0288836
1424  0.0289715
1425  0.0290598
1426  0.0291485
1427  0.0292375
1428  0.029327
1429  0.0294169
1430  0.0295072
1431  0.0295979
1432  0.029689
1433  0.0297805
1434  0.0298724
1435  0.0299648
1436  0.0300575
1437  0.0301507
1438  0.0302443
1439  0.0303382
1440  0.0304327
