1  0.048849
2  0.0489774
3  0.0491065
4  0.0492362
5  0.0493665
6  0.0494975
7  0.049629
8  0.0497612
9  0.049894
10  0.0500275
11  0.0501616
12  0.0502963
13  0.0504317
14  0.0505677
15  0.0507044
16  0.0508417
17  0.0509797
18  0.0511184
19  0.0512577
20  0.0513977
21  0.0515384
22  0.0516798
23  0.0518218
24  0.0519646
25  0.052108
26  0.0522521
27  0.052397
28  0.0525425
29  0.0526888
30  0.0528357
31  0.0529834
32  0.0531319
33  0.0490402
34  0.0491696
35  0.0492996
36  0.0494303
37  0.0495615
38  0.0496933
39  0.0498259
40  0.049959
41  0.0500927
42  0.0502271
43  0.0503622
44  0.0504979
45  0.0506342
46  0.0507712
47  0.0509088
48  0.0510472
49  0.0511862
50  0.0513258
51  0.0514662
52  0.0516072
53  0.0517489
54  0.0518913
55  0.0520344
56  0.0521781
57  0.0523226
58  0.0524678
59  0.0526137
60  0.0527603
61  0.0529076
62  0.0530556
63  0.0532044
64  0.0533539
65  0.0492329
66  0.0493632
67  0.0494941
68  0.0496256
69  0.0497578
70  0.0498906
71  0.050024
72  0.0501581
73  0.0502928
74  0.0504282
75  0.0505642
76  0.0507008
77  0.0508382
78  0.0509761
79  0.0511148
80  0.0512541
81  0.0513941
82  0.0515348
83  0.0516761
84  0.0518181
85  0.0519609
86  0.0521043
87  0.0522484
88  0.0523932
89  0.0525387
90  0.052685
91  0.0528319
92  0.0529796
93  0.053128
94  0.0532771
95  0.053427
96  0.0535776
97  0.0494268
98  0.0495581
99  0.0496899
100  0.0498224
101  0.0499555
102  0.0500893
103  0.0502236
104  0.0503587
105  0.0504943
106  0.0506307
107  0.0507676
108  0.0509053
109  0.0510436
110  0.0511825
111  0.0513222
112  0.0514625
113  0.0516035
114  0.0517452
115  0.0518876
116  0.0520306
117  0.0521744
118  0.0523188
119  0.052464
120  0.0526099
121  0.0527564
122  0.0529038
123  0.0530518
124  0.0532006
125  0.05335
126  0.0535002
127  0.0536512
128  0.0538029
129  0.0496222
130  0.0497544
131  0.0498871
132  0.0500206
133  0.0501546
134  0.0502893
135  0.0504246
136  0.0505606
137  0.0506973
138  0.0508346
139  0.0509725
140  0.0511112
141  0.0512505
142  0.0513905
143  0.0515311
144  0.0516724
145  0.0518145
146  0.0519572
147  0.0521006
148  0.0522447
149  0.0523895
150  0.052535
151  0.0526812
152  0.0528281
153  0.0529758
154  0.0531241
155  0.0532732
156  0.0534231
157  0.0535737
158  0.053725
159  0.053877
160  0.0540298
161  0.049819
162  0.049952
163  0.0500858
164  0.0502201
165  0.0503552
166  0.0504908
167  0.0506271
168  0.0507641
169  0.0509017
170  0.05104
171  0.0511789
172  0.0513186
173  0.0514589
174  0.0515998
175  0.0517415
176  0.0518839
177  0.0520269
178  0.0521706
179  0.0523151
180  0.0524602
181  0.0526061
182  0.0527527
183  0.0528999
184  0.053048
185  0.0531967
186  0.0533461
187  0.0534963
188  0.0536472
189  0.053799
190  0.0539514
191  0.0541045
192  0.0542585
193  0.0500171
194  0.0501511
195  0.0502858
196  0.0504211
197  0.0505571
198  0.0506937
199  0.050831
200  0.050969
201  0.0511076
202  0.0512468
203  0.0513868
204  0.0515274
205  0.0516688
206  0.0518107
207  0.0519534
208  0.0520968
209  0.0522409
210  0.0523857
211  0.0525312
212  0.0526774
213  0.0528243
214  0.0529719
215  0.0531203
216  0.0532694
217  0.0534192
218  0.0535697
219  0.0537211
220  0.0538731
221  0.0540259
222  0.0541794
223  0.0543337
224  0.0544888
225  0.0502166
226  0.0503516
227  0.0504873
228  0.0506235
229  0.0507605
230  0.0508981
231  0.0510364
232  0.0511753
233  0.0513149
234  0.0514552
235  0.0515962
236  0.0517378
237  0.0518802
238  0.0520232
239  0.0521669
240  0.0523113
241  0.0524565
242  0.0526023
243  0.0527488
244  0.0528961
245  0.0530441
246  0.0531928
247  0.0533422
248  0.0534924
249  0.0536433
250  0.053795
251  0.0539474
252  0.0541005
253  0.0542545
254  0.0544092
255  0.0545646
256  0.0547208
257  0.0504176
258  0.0505536
259  0.0506902
260  0.0508275
261  0.0509654
262  0.051104
263  0.0512432
264  0.0513832
265  0.0515238
266  0.0516651
267  0.0518071
268  0.0519497
269  0.0520931
270  0.0522372
271  0.0523819
272  0.0525274
273  0.0526736
274  0.0528205
275  0.0529681
276  0.0531164
277  0.0532655
278  0.0534153
279  0.0535658
280  0.0537171
281  0.0538691
282  0.0540219
283  0.0541754
284  0.0543297
285  0.0544847
286  0.0546406
287  0.0547972
288  0.0549545
289  0.05062
290  0.0507569
291  0.0508945
292  0.0510328
293  0.0511717
294  0.0513113
295  0.0514516
296  0.0515925
297  0.0517341
298  0.0518764
299  0.0520195
300  0.0521632
301  0.0523076
302  0.0524527
303  0.0525985
304  0.052745
305  0.0528923
306  0.0530402
307  0.0531889
308  0.0533384
309  0.0534885
310  0.0536394
311  0.0537911
312  0.0539434
313  0.0540966
314  0.0542505
315  0.0544051
316  0.0545606
317  0.0547167
318  0.0548737
319  0.0550314
320  0.0551899
321  0.0508239
322  0.0509618
323  0.0511004
324  0.0512396
325  0.0513795
326  0.0515201
327  0.0516614
328  0.0518034
329  0.051946
330  0.0520894
331  0.0522334
332  0.0523782
333  0.0525236
334  0.0526698
335  0.0528166
336  0.0529642
337  0.0531126
338  0.0532616
339  0.0534114
340  0.0535619
341  0.0537132
342  0.0538652
343  0.0540179
344  0.0541714
345  0.0543257
346  0.0544807
347  0.0546365
348  0.0547931
349  0.0549504
350  0.0551085
351  0.0552674
352  0.0554271
353  0.0510292
354  0.0511681
355  0.0513077
356  0.0514479
357  0.0515888
358  0.0517305
359  0.0518727
360  0.0520157
361  0.0521594
362  0.0523038
363  0.0524489
364  0.0525947
365  0.0527412
366  0.0528884
367  0.0530364
368  0.053185
369  0.0533345
370  0.0534846
371  0.0536355
372  0.0537871
373  0.0539395
374  0.0540926
375  0.0542465
376  0.0544011
377  0.0545565
378  0.0547127
379  0.0548696
380  0.0550273
381  0.0551858
382  0.0553451
383  0.0555052
384  0.0556661
385  0.051236
386  0.0513759
387  0.0515165
388  0.0516577
389  0.0517997
390  0.0519423
391  0.0520856
392  0.0522297
393  0.0523744
394  0.0525198
395  0.052666
396  0.0528128
397  0.0529604
398  0.0531087
399  0.0532578
400  0.0534075
401  0.053558
402  0.0537092
403  0.0538612
404  0.0540139
405  0.0541674
406  0.0543217
407  0.0544767
408  0.0546324
409  0.054789
410  0.0549463
411  0.0551044
412  0.0552633
413  0.055423
414  0.0555835
415  0.0557447
416  0.0559068
417  0.0514443
418  0.0515852
419  0.0517268
420  0.0518691
421  0.052012
422  0.0521557
423  0.0523001
424  0.0524451
425  0.0525909
426  0.0527374
427  0.0528846
428  0.0530326
429  0.0531812
430  0.0533306
431  0.0534807
432  0.0536316
433  0.0537832
434  0.0539355
435  0.0540886
436  0.0542425
437  0.0543971
438  0.0545525
439  0.0547086
440  0.0548655
441  0.0550232
442  0.0551817
443  0.055341
444  0.055501
445  0.0556619
446  0.0558236
447  0.055986
448  0.0561493
449  0.051654
450  0.051796
451  0.0519386
452  0.0520819
453  0.0522259
454  0.0523706
455  0.052516
456  0.0526622
457  0.052809
458  0.0529566
459  0.0531049
460  0.0532539
461  0.0534036
462  0.0535541
463  0.0537053
464  0.0538573
465  0.05401
466  0.0541635
467  0.0543177
468  0.0544726
469  0.0546284
470  0.0547849
471  0.0549422
472  0.0551003
473  0.0552592
474  0.0554188
475  0.0555793
476  0.0557405
477  0.0559026
478  0.0560655
479  0.0562291
480  0.0563936
481  0.0518654
482  0.0520083
483  0.0521519
484  0.0522963
485  0.0524414
486  0.0525871
487  0.0527336
488  0.0528808
489  0.0530287
490  0.0531773
491  0.0533267
492  0.0534768
493  0.0536276
494  0.0537792
495  0.0539316
496  0.0540846
497  0.0542385
498  0.0543931
499  0.0545484
500  0.0547045
501  0.0548614
502  0.0550191
503  0.0551776
504  0.0553368
505  0.0554969
506  0.0556577
507  0.0558194
508  0.0559818
509  0.0561451
510  0.0563091
511  0.056474
512  0.0566397
513  0.0520782
514  0.0522222
515  0.0523669
516  0.0525123
517  0.0526584
518  0.0528052
519  0.0529527
520  0.053101
521  0.05325
522  0.0533997
523  0.0535502
524  0.0537014
525  0.0538533
526  0.054006
527  0.0541594
528  0.0543137
529  0.0544686
530  0.0546243
531  0.0547809
532  0.0549381
533  0.0550962
534  0.055255
535  0.0554147
536  0.0555751
537  0.0557363
538  0.0558984
539  0.0560612
540  0.0562249
541  0.0563893
542  0.0565546
543  0.0567207
544  0.0568877
545  0.0522926
546  0.0524376
547  0.0525833
548  0.0527298
549  0.052877
550  0.0530249
551  0.0531735
552  0.0533228
553  0.0534729
554  0.0536237
555  0.0537753
556  0.0539276
557  0.0540806
558  0.0542345
559  0.054389
560  0.0545444
561  0.0547005
562  0.0548574
563  0.055015
564  0.0551735
565  0.0553327
566  0.0554927
567  0.0556535
568  0.0558151
569  0.0559776
570  0.0561408
571  0.0563049
572  0.0564697
573  0.0566354
574  0.0568019
575  0.0569693
576  0.0571375
577  0.0525085
578  0.0526546
579  0.0528014
580  0.0529489
581  0.0530971
582  0.0532461
583  0.0533958
584  0.0535463
585  0.0536974
586  0.0538494
587  0.054002
588  0.0541555
589  0.0543097
590  0.0544646
591  0.0546203
592  0.0547768
593  0.054934
594  0.0550921
595  0.0552509
596  0.0554105
597  0.0555709
598  0.0557322
599  0.0558942
600  0.056057
601  0.0562206
602  0.0563851
603  0.0565503
604  0.0567164
605  0.0568833
606  0.0570511
607  0.0572197
608  0.0573892
609  0.052726
610  0.0528731
611  0.053021
612  0.0531696
613  0.0533189
614  0.053469
615  0.0536198
616  0.0537713
617  0.0539236
618  0.0540767
619  0.0542305
620  0.054385
621  0.0545403
622  0.0546964
623  0.0548533
624  0.0550109
625  0.0551693
626  0.0553286
627  0.0554886
628  0.0556494
629  0.0558109
630  0.0559733
631  0.0561366
632  0.0563006
633  0.0564654
634  0.0566311
635  0.0567976
636  0.0569649
637  0.0571331
638  0.0573021
639  0.057472
640  0.0576427
641  0.0529451
642  0.0530933
643  0.0532422
644  0.0533919
645  0.0535423
646  0.0536935
647  0.0538454
648  0.0539981
649  0.0541515
650  0.0543056
651  0.0544606
652  0.0546163
653  0.0547727
654  0.05493
655  0.055088
656  0.0552468
657  0.0554064
658  0.0555668
659  0.055728
660  0.0558899
661  0.0560527
662  0.0562163
663  0.0563808
664  0.056546
665  0.0567121
666  0.056879
667  0.0570467
668  0.0572153
669  0.0573848
670  0.057555
671  0.0577262
672  0.0578981
673  0.0531658
674  0.053315
675  0.0534651
676  0.0536159
677  0.0537674
678  0.0539197
679  0.0540727
680  0.0542265
681  0.054381
682  0.0545363
683  0.0546924
684  0.0548492
685  0.0550068
686  0.0551652
687  0.0553244
688  0.0554844
689  0.0556452
690  0.0558067
691  0.0559691
692  0.0561323
693  0.0562963
694  0.0564612
695  0.0566268
696  0.0567933
697  0.0569606
698  0.0571287
699  0.0572977
700  0.0574676
701  0.0576383
702  0.0578098
703  0.0579822
704  0.0581555
705  0.053388
706  0.0535384
707  0.0536896
708  0.0538415
709  0.0539941
710  0.0541475
711  0.0543016
712  0.0544565
713  0.0546122
714  0.0547686
715  0.0549259
716  0.0550839
717  0.0552427
718  0.0554022
719  0.0555626
720  0.0557238
721  0.0558857
722  0.0560485
723  0.0562121
724  0.0563765
725  0.0565417
726  0.0567078
727  0.0568747
728  0.0570424
729  0.057211
730  0.0573804
731  0.0575506
732  0.0577217
733  0.0578937
734  0.0580665
735  0.0582402
736  0.0584148
737  0.053612
738  0.0537635
739  0.0539157
740  0.0540687
741  0.0542225
742  0.054377
743  0.0545322
744  0.0546883
745  0.0548451
746  0.0550027
747  0.0551611
748  0.0553203
749  0.0554802
750  0.055641
751  0.0558026
752  0.0559649
753  0.0561281
754  0.0562921
755  0.0564569
756  0.0566225
757  0.056789
758  0.0569562
759  0.0571244
760  0.0572933
761  0.0574632
762  0.0576338
763  0.0578054
764  0.0579778
765  0.058151
766  0.0583251
767  0.0585001
768  0.058676
769  0.0538375
770  0.0539901
771  0.0541435
772  0.0542976
773  0.0544525
774  0.0546082
775  0.0547646
776  0.0549218
777  0.0550798
778  0.0552385
779  0.0553981
780  0.0555584
781  0.0557196
782  0.0558815
783  0.0560443
784  0.0562078
785  0.0563722
786  0.0565374
787  0.0567035
788  0.0568703
789  0.057038
790  0.0572066
791  0.0573759
792  0.0575462
793  0.0577173
794  0.0578892
795  0.058062
796  0.0582357
797  0.0584103
798  0.0585857
799  0.058762
800  0.0589392
801  0.0540647
802  0.0542185
803  0.0543729
804  0.0545282
805  0.0546843
806  0.054841
807  0.0549986
808  0.055157
809  0.0553161
810  0.0554761
811  0.0556368
812  0.0557984
813  0.0559607
814  0.0561238
815  0.0562878
816  0.0564526
817  0.0566182
818  0.0567846
819  0.0569519
820  0.05712
821  0.0572889
822  0.0574588
823  0.0576294
824  0.0578009
825  0.0579733
826  0.0581465
827  0.0583206
828  0.0584956
829  0.0586714
830  0.0588482
831  0.0590258
832  0.0592044
833  0.0542936
834  0.0544485
835  0.0546041
836  0.0547605
837  0.0549177
838  0.0550757
839  0.0552344
840  0.0553939
841  0.0555543
842  0.0557154
843  0.0558773
844  0.0560401
845  0.0562036
846  0.056368
847  0.0565331
848  0.0566991
849  0.056866
850  0.0570337
851  0.0572022
852  0.0573715
853  0.0575418
854  0.0577128
855  0.0578847
856  0.0580575
857  0.0582312
858  0.0584057
859  0.0585811
860  0.0587574
861  0.0589346
862  0.0591127
863  0.0592916
864  0.0594715
865  0.0545242
866  0.0546802
867  0.054837
868  0.0549945
869  0.0551529
870  0.055312
871  0.0554719
872  0.0556326
873  0.0557941
874  0.0559565
875  0.0561196
876  0.0562835
877  0.0564483
878  0.0566139
879  0.0567803
880  0.0569475
881  0.0571156
882  0.0572846
883  0.0574543
884  0.057625
885  0.0577964
886  0.0579688
887  0.058142
888  0.0583161
889  0.058491
890  0.0586669
891  0.0588436
892  0.0590212
893  0.0591997
894  0.0593791
895  0.0595594
896  0.0597406
897  0.0547564
898  0.0549136
899  0.0550715
900  0.0552303
901  0.0553898
902  0.0555501
903  0.0557112
904  0.0558731
905  0.0560358
906  0.0561993
907  0.0563637
908  0.0565288
909  0.0566948
910  0.0568617
911  0.0570293
912  0.0571978
913  0.0573671
914  0.0575373
915  0.0577084
916  0.0578803
917  0.058053
918  0.0582267
919  0.0584012
920  0.0585766
921  0.0587528
922  0.05893
923  0.059108
924  0.059287
925  0.0594668
926  0.0596476
927  0.0598292
928  0.0600118
929  0.0549904
930  0.0551488
931  0.0553079
932  0.0554677
933  0.0556285
934  0.0557899
935  0.0559523
936  0.0561154
937  0.0562793
938  0.056444
939  0.0566096
940  0.056776
941  0.0569432
942  0.0571113
943  0.0572802
944  0.0574499
945  0.0576205
946  0.057792
947  0.0579643
948  0.0581375
949  0.0583115
950  0.0584865
951  0.0586623
952  0.058839
953  0.0590166
954  0.0591951
955  0.0593745
956  0.0595547
957  0.0597359
958  0.059918
959  0.0601011
960  0.060285
961  0.0552261
962  0.0553856
963  0.0555459
964  0.055707
965  0.0558689
966  0.0560316
967  0.0561951
968  0.0563594
969  0.0565245
970  0.0566905
971  0.0568573
972  0.0570249
973  0.0571934
974  0.0573627
975  0.0575329
976  0.0577039
977  0.0578758
978  0.0580485
979  0.0582222
980  0.0583966
981  0.058572
982  0.0587483
983  0.0589254
984  0.0591034
985  0.0592823
986  0.0594621
987  0.0596429
988  0.0598245
989  0.0600071
990  0.0601906
991  0.060375
992  0.0605603
993  0.0554636
994  0.0556243
995  0.0557857
996  0.055948
997  0.0561111
998  0.056275
999  0.0564397
1000  0.0566053
1001  0.0567716
1002  0.0569388
1003  0.0571069
1004  0.0572758
1005  0.0574455
1006  0.0576161
1007  0.0577875
1008  0.0579598
1009  0.058133
1010  0.058307
1011  0.0584819
1012  0.0586577
1013  0.0588344
1014  0.059012
1015  0.0591904
1016  0.0593698
1017  0.05955
1018  0.0597312
1019  0.0599133
1020  0.0600963
1021  0.0602803
1022  0.0604651
1023  0.0606509
1024  0.0608376
1025  0.0557028
1026  0.0558647
1027  0.0560273
1028  0.0561908
1029  0.0563551
1030  0.0565203
1031  0.0566862
1032  0.056853
1033  0.0570206
1034  0.057189
1035  0.0573583
1036  0.0575285
1037  0.0576995
1038  0.0578713
1039  0.058044
1040  0.0582176
1041  0.0583921
1042  0.0585674
1043  0.0587437
1044  0.0589208
1045  0.0590988
1046  0.0592777
1047  0.0594575
1048  0.0596382
1049  0.0598198
1050  0.0600023
1051  0.0601858
1052  0.0603702
1053  0.0605555
1054  0.0607417
1055  0.0609289
1056  0.061117
1057  0.0559438
1058  0.0561069
1059  0.0562708
1060  0.0564354
1061  0.056601
1062  0.0567673
1063  0.0569345
1064  0.0571025
1065  0.0572714
1066  0.0574411
1067  0.0576116
1068  0.0577831
1069  0.0579554
1070  0.0581285
1071  0.0583025
1072  0.0584774
1073  0.0586532
1074  0.0588298
1075  0.0590074
1076  0.0591858
1077  0.0593651
1078  0.0595454
1079  0.0597265
1080  0.0599086
1081  0.0600916
1082  0.0602755
1083  0.0604603
1084  0.0606461
1085  0.0608328
1086  0.0610204
1087  0.061209
1088  0.0613985
1089  0.0561866
1090  0.0563509
1091  0.0565159
1092  0.0566819
1093  0.0568486
1094  0.0570162
1095  0.0571847
1096  0.0573539
1097  0.057524
1098  0.057695
1099  0.0578668
1100  0.0580395
1101  0.0582131
1102  0.0583876
1103  0.0585629
1104  0.0587391
1105  0.0589162
1106  0.0590941
1107  0.059273
1108  0.0594528
1109  0.0596335
1110  0.0598151
1111  0.0599976
1112  0.060181
1113  0.0603654
1114  0.0605506
1115  0.0607369
1116  0.060924
1117  0.0611122
1118  0.0613012
1119  0.0614912
1120  0.0616822
1121  0.0564312
1122  0.0565967
1123  0.056763
1124  0.0569301
1125  0.0570981
1126  0.057267
1127  0.0574367
1128  0.0576072
1129  0.0577786
1130  0.0579509
1131  0.058124
1132  0.058298
1133  0.0584728
1134  0.0586486
1135  0.0588252
1136  0.0590027
1137  0.0591811
1138  0.0593604
1139  0.0595407
1140  0.0597218
1141  0.0599038
1142  0.0600868
1143  0.0602707
1144  0.0604555
1145  0.0606412
1146  0.0608279
1147  0.0610155
1148  0.0612041
1149  0.0613936
1150  0.0615841
1151  0.0617755
1152  0.0619679
1153  0.0566776
1154  0.0568443
1155  0.0570119
1156  0.0571803
1157  0.0573495
1158  0.0575196
1159  0.0576906
1160  0.0578624
1161  0.058035
1162  0.0582086
1163  0.058383
1164  0.0585583
1165  0.0587345
1166  0.0589116
1167  0.0590895
1168  0.0592684
1169  0.0594481
1170  0.0596288
1171  0.0598103
1172  0.0599928
1173  0.0601762
1174  0.0603606
1175  0.0605458
1176  0.060732
1177  0.0609192
1178  0.0611072
1179  0.0612963
1180  0.0614863
1181  0.0616772
1182  0.0618691
1183  0.062062
1184  0.0622559
1185  0.0569258
1186  0.0570938
1187  0.0572626
1188  0.0574323
1189  0.0576028
1190  0.0577741
1191  0.0579464
1192  0.0581195
1193  0.0582934
1194  0.0584683
1195  0.058644
1196  0.0588206
1197  0.0589981
1198  0.0591765
1199  0.0593558
1200  0.059536
1201  0.0597171
1202  0.0598991
1203  0.060082
1204  0.0602659
1205  0.0604507
1206  0.0606364
1207  0.0608231
1208  0.0610107
1209  0.0611992
1210  0.0613887
1211  0.0615791
1212  0.0617706
1213  0.0619629
1214  0.0621563
1215  0.0623506
1216  0.0625459
1217  0.0571759
1218  0.0573451
1219  0.0575152
1220  0.0576861
1221  0.0578579
1222  0.0580306
1223  0.0582041
1224  0.0583785
1225  0.0585538
1226  0.0587299
1227  0.058907
1228  0.0590849
1229  0.0592637
1230  0.0594435
1231  0.0596241
1232  0.0598056
1233  0.0599881
1234  0.0601715
1235  0.0603558
1236  0.060541
1237  0.0607272
1238  0.0609143
1239  0.0611024
1240  0.0612914
1241  0.0614813
1242  0.0616722
1243  0.0618641
1244  0.062057
1245  0.0622508
1246  0.0624456
1247  0.0626414
1248  0.0628382
1249  0.0574278
1250  0.0575984
1251  0.0577697
1252  0.0579419
1253  0.058115
1254  0.0582889
1255  0.0584637
1256  0.0586394
1257  0.058816
1258  0.0589935
1259  0.0591719
1260  0.0593511
1261  0.0595313
1262  0.0597124
1263  0.0598944
1264  0.0600773
1265  0.0602611
1266  0.0604459
1267  0.0606316
1268  0.0608182
1269  0.0610058
1270  0.0611943
1271  0.0613838
1272  0.0615742
1273  0.0617656
1274  0.0619579
1275  0.0621513
1276  0.0623456
1277  0.0625408
1278  0.0627371
1279  0.0629344
1280  0.0631326
1281  0.0576817
1282  0.0578534
1283  0.0580261
1284  0.0581996
1285  0.058374
1286  0.0585492
1287  0.0587253
1288  0.0589023
1289  0.0590803
1290  0.059259
1291  0.0594388
1292  0.0596194
1293  0.0598009
1294  0.0599833
1295  0.0601667
1296  0.060351
1297  0.0605362
1298  0.0607223
1299  0.0609094
1300  0.0610975
1301  0.0612864
1302  0.0614764
1303  0.0616673
1304  0.0618591
1305  0.062052
1306  0.0622458
1307  0.0624405
1308  0.0626363
1309  0.0628331
1310  0.0630308
1311  0.0632295
1312  0.0634293
1313  0.0579374
1314  0.0581105
1315  0.0582844
1316  0.0584592
1317  0.0586349
1318  0.0588114
1319  0.0589889
1320  0.0591672
1321  0.0593465
1322  0.0595266
1323  0.0597077
1324  0.0598896
1325  0.0600725
1326  0.0602563
1327  0.0604411
1328  0.0606267
1329  0.0608133
1330  0.0610009
1331  0.0611894
1332  0.0613788
1333  0.0615692
1334  0.0617606
1335  0.0619529
1336  0.0621462
1337  0.0623405
1338  0.0625358
1339  0.062732
1340  0.0629292
1341  0.0631275
1342  0.0633267
1343  0.0635269
1344  0.0637281
1345  0.0581951
1346  0.0583694
1347  0.0585446
1348  0.0587208
1349  0.0588977
1350  0.0590756
1351  0.0592544
1352  0.0594341
1353  0.0596147
1354  0.0597962
1355  0.0599786
1356  0.0601619
1357  0.0603462
1358  0.0605314
1359  0.0607175
1360  0.0609046
1361  0.0610926
1362  0.0612815
1363  0.0614715
1364  0.0616623
1365  0.0618542
1366  0.062047
1367  0.0622407
1368  0.0624355
1369  0.0626312
1370  0.0628279
1371  0.0630257
1372  0.0632244
1373  0.0634241
1374  0.0636248
1375  0.0638265
1376  0.0640292
1377  0.0584546
1378  0.0586303
1379  0.0588068
1380  0.0589843
1381  0.0591626
1382  0.0593418
1383  0.0595219
1384  0.059703
1385  0.0598849
1386  0.0600678
1387  0.0602515
1388  0.0604363
1389  0.0606219
1390  0.0608085
1391  0.060996
1392  0.0611845
1393  0.0613739
1394  0.0615643
1395  0.0617556
1396  0.0619479
1397  0.0621412
1398  0.0623355
1399  0.0625307
1400  0.0627269
1401  0.0629241
1402  0.0631223
1403  0.0633215
1404  0.0635217
1405  0.0637229
1406  0.0639251
1407  0.0641284
1408  0.0643326
1409  0.0587162
1410  0.0588931
1411  0.059071
1412  0.0592498
1413  0.0594294
1414  0.05961
1415  0.0597915
1416  0.0599738
1417  0.0601572
1418  0.0603414
1419  0.0605266
1420  0.0607127
1421  0.0608997
1422  0.0610877
1423  0.0612766
1424  0.0614665
1425  0.0616574
1426  0.0618492
1427  0.0620419
1428  0.0622357
1429  0.0624304
1430  0.0626261
1431  0.0628228
1432  0.0630205
1433  0.0632192
1434  0.0634189
1435  0.0636196
1436  0.0638213
1437  0.064024
1438  0.0642277
1439  0.0644325
1440  0.0646382
