1  0.13345
2  0.133784
3  0.134119
4  0.134456
5  0.134795
6  0.135135
7  0.135476
8  0.13582
9  0.136165
10  0.136511
11  0.13686
12  0.13721
13  0.137562
14  0.137915
15  0.138271
16  0.138627
17  0.138986
18  0.139347
19  0.139709
20  0.140073
21  0.140439
22  0.140806
23  0.141176
24  0.141547
25  0.14192
26  0.142295
27  0.142672
28  0.14305
29  0.143431
30  0.143813
31  0.144197
32  0.144584
33  0.133947
34  0.134283
35  0.134621
36  0.13496
37  0.135301
38  0.135643
39  0.135988
40  0.136334
41  0.136681
42  0.13703
43  0.137381
44  0.137734
45  0.138088
46  0.138444
47  0.138802
48  0.139161
49  0.139523
50  0.139886
51  0.140251
52  0.140617
53  0.140986
54  0.141356
55  0.141728
56  0.142102
57  0.142478
58  0.142856
59  0.143235
60  0.143617
61  0.144
62  0.144385
63  0.144773
64  0.145162
65  0.134447
66  0.134786
67  0.135126
68  0.135468
69  0.135811
70  0.136156
71  0.136503
72  0.136851
73  0.137201
74  0.137553
75  0.137906
76  0.138261
77  0.138618
78  0.138977
79  0.139337
80  0.139699
81  0.140063
82  0.140429
83  0.140797
84  0.141166
85  0.141537
86  0.14191
87  0.142285
88  0.142662
89  0.14304
90  0.143421
91  0.143803
92  0.144188
93  0.144574
94  0.144962
95  0.145352
96  0.145744
97  0.134951
98  0.135292
99  0.135634
100  0.135979
101  0.136325
102  0.136672
103  0.137021
104  0.137372
105  0.137725
106  0.138079
107  0.138435
108  0.138793
109  0.139152
110  0.139513
111  0.139876
112  0.140241
113  0.140608
114  0.140976
115  0.141346
116  0.141719
117  0.142093
118  0.142468
119  0.142846
120  0.143225
121  0.143607
122  0.14399
123  0.144375
124  0.144763
125  0.145152
126  0.145543
127  0.145936
128  0.146331
129  0.135459
130  0.135802
131  0.136147
132  0.136494
133  0.136842
134  0.137192
135  0.137543
136  0.137897
137  0.138252
138  0.138609
139  0.138967
140  0.139328
141  0.13969
142  0.140054
143  0.14042
144  0.140787
145  0.141156
146  0.141528
147  0.141901
148  0.142275
149  0.142652
150  0.143031
151  0.143411
152  0.143793
153  0.144178
154  0.144564
155  0.144952
156  0.145342
157  0.145734
158  0.146128
159  0.146524
160  0.146922
161  0.13597
162  0.136315
163  0.136663
164  0.137012
165  0.137363
166  0.137715
167  0.13807
168  0.138426
169  0.138783
170  0.139143
171  0.139504
172  0.139867
173  0.140232
174  0.140598
175  0.140967
176  0.141337
177  0.141709
178  0.142083
179  0.142459
180  0.142836
181  0.143216
182  0.143597
183  0.14398
184  0.144365
185  0.144752
186  0.145142
187  0.145533
188  0.145925
189  0.146321
190  0.146717
191  0.147116
192  0.147517
193  0.136485
194  0.136833
195  0.137183
196  0.137534
197  0.137888
198  0.138243
199  0.1386
200  0.138958
201  0.139318
202  0.139681
203  0.140044
204  0.14041
205  0.140778
206  0.141147
207  0.141518
208  0.141891
209  0.142266
210  0.142642
211  0.143021
212  0.143401
213  0.143783
214  0.144168
215  0.144554
216  0.144942
217  0.145332
218  0.145724
219  0.146118
220  0.146514
221  0.146911
222  0.147311
223  0.147713
224  0.148117
225  0.137003
226  0.137354
227  0.137706
228  0.13806
229  0.138416
230  0.138774
231  0.139133
232  0.139495
233  0.139858
234  0.140222
235  0.140589
236  0.140957
237  0.141327
238  0.141699
239  0.142073
240  0.142449
241  0.142826
242  0.143206
243  0.143587
244  0.14397
245  0.144355
246  0.144742
247  0.145131
248  0.145522
249  0.145915
250  0.14631
251  0.146707
252  0.147106
253  0.147507
254  0.14791
255  0.148315
256  0.148722
257  0.137525
258  0.137879
259  0.138234
260  0.13859
261  0.138949
262  0.139309
263  0.139671
264  0.140035
265  0.140401
266  0.140768
267  0.141137
268  0.141508
269  0.141881
270  0.142256
271  0.142632
272  0.143011
273  0.143391
274  0.143773
275  0.144158
276  0.144544
277  0.144932
278  0.145322
279  0.145713
280  0.146107
281  0.146503
282  0.146901
283  0.147301
284  0.147703
285  0.148107
286  0.148513
287  0.148921
288  0.149331
289  0.138051
290  0.138407
291  0.138765
292  0.139124
293  0.139485
294  0.139848
295  0.140213
296  0.140579
297  0.140948
298  0.141318
299  0.14169
300  0.142063
301  0.142439
302  0.142816
303  0.143196
304  0.143577
305  0.14396
306  0.144345
307  0.144732
308  0.145121
309  0.145512
310  0.145905
311  0.1463
312  0.146697
313  0.147096
314  0.147496
315  0.147899
316  0.148304
317  0.148711
318  0.14912
319  0.149532
320  0.149945
321  0.138581
322  0.13894
323  0.1393
324  0.139662
325  0.140025
326  0.140391
327  0.140758
328  0.141128
329  0.141499
330  0.141871
331  0.142246
332  0.142623
333  0.143001
334  0.143381
335  0.143763
336  0.144148
337  0.144534
338  0.144922
339  0.145311
340  0.145703
341  0.146097
342  0.146493
343  0.146891
344  0.147291
345  0.147692
346  0.148096
347  0.148502
348  0.14891
349  0.14932
350  0.149733
351  0.150147
352  0.150563
353  0.139115
354  0.139476
355  0.139839
356  0.140203
357  0.14057
358  0.140938
359  0.141308
360  0.14168
361  0.142054
362  0.142429
363  0.142807
364  0.143186
365  0.143567
366  0.14395
367  0.144335
368  0.144722
369  0.145111
370  0.145502
371  0.145895
372  0.14629
373  0.146686
374  0.147085
375  0.147486
376  0.147889
377  0.148294
378  0.148701
379  0.14911
380  0.149521
381  0.149934
382  0.150349
383  0.150767
384  0.151186
385  0.139652
386  0.140016
387  0.140382
388  0.140749
389  0.141118
390  0.141489
391  0.141862
392  0.142236
393  0.142613
394  0.142991
395  0.143371
396  0.143753
397  0.144138
398  0.144524
399  0.144911
400  0.145301
401  0.145693
402  0.146087
403  0.146483
404  0.14688
405  0.14728
406  0.147682
407  0.148086
408  0.148492
409  0.1489
410  0.14931
411  0.149722
412  0.150136
413  0.150552
414  0.150971
415  0.151391
416  0.151814
417  0.140194
418  0.14056
419  0.140928
420  0.141298
421  0.14167
422  0.142044
423  0.142419
424  0.142797
425  0.143176
426  0.143557
427  0.14394
428  0.144325
429  0.144712
430  0.145101
431  0.145492
432  0.145885
433  0.146279
434  0.146676
435  0.147075
436  0.147476
437  0.147878
438  0.148283
439  0.14869
440  0.149099
441  0.14951
442  0.149923
443  0.150339
444  0.150756
445  0.151175
446  0.151597
447  0.152021
448  0.152447
449  0.140739
450  0.141108
451  0.141479
452  0.141852
453  0.142227
454  0.142603
455  0.142981
456  0.143361
457  0.143744
458  0.144128
459  0.144514
460  0.144901
461  0.145291
462  0.145683
463  0.146077
464  0.146472
465  0.14687
466  0.14727
467  0.147672
468  0.148075
469  0.148481
470  0.148889
471  0.149299
472  0.149711
473  0.150125
474  0.150542
475  0.15096
476  0.151381
477  0.151803
478  0.152228
479  0.152655
480  0.153085
481  0.141289
482  0.141661
483  0.142034
484  0.14241
485  0.142787
486  0.143166
487  0.143547
488  0.14393
489  0.144315
490  0.144702
491  0.145091
492  0.145482
493  0.145874
494  0.146269
495  0.146666
496  0.147065
497  0.147465
498  0.147868
499  0.148273
500  0.14868
501  0.149088
502  0.149499
503  0.149913
504  0.150328
505  0.150745
506  0.151165
507  0.151586
508  0.15201
509  0.152436
510  0.152864
511  0.153294
512  0.153727
513  0.141842
514  0.142217
515  0.142593
516  0.142971
517  0.143352
518  0.143734
519  0.144118
520  0.144504
521  0.144891
522  0.145281
523  0.145673
524  0.146066
525  0.146462
526  0.14686
527  0.147259
528  0.147661
529  0.148065
530  0.148471
531  0.148878
532  0.149288
533  0.1497
534  0.150114
535  0.150531
536  0.150949
537  0.15137
538  0.151792
539  0.152217
540  0.152644
541  0.153073
542  0.153505
543  0.153939
544  0.154375
545  0.1424
546  0.142777
547  0.143156
548  0.143537
549  0.14392
550  0.144305
551  0.144692
552  0.145081
553  0.145471
554  0.145864
555  0.146259
556  0.146655
557  0.147054
558  0.147455
559  0.147858
560  0.148262
561  0.148669
562  0.149078
563  0.149489
564  0.149902
565  0.150317
566  0.150734
567  0.151154
568  0.151575
569  0.151999
570  0.152425
571  0.152853
572  0.153283
573  0.153716
574  0.154151
575  0.154588
576  0.155027
577  0.142962
578  0.143342
579  0.143724
580  0.144108
581  0.144493
582  0.144881
583  0.145271
584  0.145663
585  0.146056
586  0.146452
587  0.146849
588  0.147249
589  0.147651
590  0.148054
591  0.14846
592  0.148868
593  0.149278
594  0.14969
595  0.150104
596  0.15052
597  0.150938
598  0.151359
599  0.151781
600  0.152206
601  0.152633
602  0.153062
603  0.153494
604  0.153927
605  0.154363
606  0.154801
607  0.155242
608  0.155684
609  0.143528
610  0.14391
611  0.144295
612  0.144682
613  0.145071
614  0.145461
615  0.145854
616  0.146249
617  0.146645
618  0.147044
619  0.147444
620  0.147847
621  0.148252
622  0.148658
623  0.149067
624  0.149478
625  0.149891
626  0.150306
627  0.150723
628  0.151143
629  0.151564
630  0.151988
631  0.152414
632  0.152842
633  0.153272
634  0.153705
635  0.154139
636  0.154576
637  0.155015
638  0.155457
639  0.155901
640  0.156347
641  0.144098
642  0.144483
643  0.144871
644  0.145261
645  0.145652
646  0.146046
647  0.146441
648  0.146839
649  0.147239
650  0.14764
651  0.148044
652  0.148449
653  0.148857
654  0.149267
655  0.149679
656  0.150093
657  0.150509
658  0.150927
659  0.151348
660  0.15177
661  0.152195
662  0.152622
663  0.153051
664  0.153482
665  0.153916
666  0.154352
667  0.15479
668  0.15523
669  0.155673
670  0.156118
671  0.156565
672  0.157015
673  0.144672
674  0.145061
675  0.145451
676  0.145844
677  0.146238
678  0.146635
679  0.147033
680  0.147434
681  0.147836
682  0.148241
683  0.148648
684  0.149057
685  0.149467
686  0.14988
687  0.150295
688  0.150713
689  0.151132
690  0.151553
691  0.151977
692  0.152403
693  0.152831
694  0.153261
695  0.153693
696  0.154128
697  0.154565
698  0.155004
699  0.155446
700  0.155889
701  0.156335
702  0.156784
703  0.157234
704  0.157688
705  0.145251
706  0.145642
707  0.146036
708  0.146431
709  0.146829
710  0.147228
711  0.14763
712  0.148033
713  0.148439
714  0.148847
715  0.149256
716  0.149668
717  0.150082
718  0.150498
719  0.150916
720  0.151337
721  0.151759
722  0.152184
723  0.152611
724  0.15304
725  0.153471
726  0.153905
727  0.15434
728  0.154778
729  0.155219
730  0.155661
731  0.156106
732  0.156553
733  0.157003
734  0.157455
735  0.157909
736  0.158366
737  0.145834
738  0.146228
739  0.146625
740  0.147023
741  0.147424
742  0.147826
743  0.148231
744  0.148637
745  0.149046
746  0.149457
747  0.14987
748  0.150285
749  0.150702
750  0.151121
751  0.151542
752  0.151966
753  0.152392
754  0.152819
755  0.15325
756  0.153682
757  0.154117
758  0.154554
759  0.154993
760  0.155434
761  0.155878
762  0.156324
763  0.156772
764  0.157223
765  0.157676
766  0.158131
767  0.158589
768  0.159049
769  0.146421
770  0.146818
771  0.147218
772  0.147619
773  0.148023
774  0.148428
775  0.148836
776  0.149246
777  0.149658
778  0.150071
779  0.150487
780  0.150906
781  0.151326
782  0.151748
783  0.152173
784  0.1526
785  0.153029
786  0.15346
787  0.153893
788  0.154329
789  0.154767
790  0.155207
791  0.15565
792  0.156095
793  0.156542
794  0.156991
795  0.157443
796  0.157897
797  0.158354
798  0.158813
799  0.159274
800  0.159738
801  0.147013
802  0.147413
803  0.147816
804  0.14822
805  0.148627
806  0.149035
807  0.149446
808  0.149859
809  0.150274
810  0.150691
811  0.15111
812  0.151531
813  0.151955
814  0.152381
815  0.152808
816  0.153238
817  0.153671
818  0.154105
819  0.154542
820  0.154981
821  0.155423
822  0.155866
823  0.156312
824  0.15676
825  0.157211
826  0.157664
827  0.158119
828  0.158577
829  0.159037
830  0.1595
831  0.159965
832  0.160432
833  0.147609
834  0.148012
835  0.148418
836  0.148825
837  0.149235
838  0.149647
839  0.150061
840  0.150477
841  0.150895
842  0.151315
843  0.151737
844  0.152162
845  0.152589
846  0.153018
847  0.153449
848  0.153882
849  0.154318
850  0.154756
851  0.155196
852  0.155638
853  0.156083
854  0.15653
855  0.15698
856  0.157431
857  0.157885
858  0.158342
859  0.158801
860  0.159262
861  0.159726
862  0.160192
863  0.160661
864  0.161132
865  0.14821
866  0.148616
867  0.149025
868  0.149435
869  0.149848
870  0.150263
871  0.15068
872  0.151099
873  0.15152
874  0.151944
875  0.152369
876  0.152797
877  0.153227
878  0.15366
879  0.154094
880  0.154531
881  0.15497
882  0.155411
883  0.155855
884  0.156301
885  0.156749
886  0.157199
887  0.157652
888  0.158107
889  0.158565
890  0.159025
891  0.159488
892  0.159953
893  0.16042
894  0.16089
895  0.161362
896  0.161837
897  0.148815
898  0.149224
899  0.149636
900  0.15005
901  0.150466
902  0.150884
903  0.151304
904  0.151726
905  0.152151
906  0.152578
907  0.153006
908  0.153438
909  0.153871
910  0.154307
911  0.154744
912  0.155184
913  0.155627
914  0.156071
915  0.156519
916  0.156968
917  0.15742
918  0.157874
919  0.15833
920  0.158789
921  0.15925
922  0.159714
923  0.16018
924  0.160648
925  0.16112
926  0.161593
927  0.162069
928  0.162547
929  0.149425
930  0.149837
931  0.150252
932  0.150669
933  0.151088
934  0.151509
935  0.151933
936  0.152358
937  0.152786
938  0.153216
939  0.153648
940  0.154083
941  0.154519
942  0.154958
943  0.1554
944  0.155843
945  0.156289
946  0.156737
947  0.157188
948  0.15764
949  0.158096
950  0.158553
951  0.159013
952  0.159476
953  0.15994
954  0.160408
955  0.160878
956  0.16135
957  0.161824
958  0.162302
959  0.162781
960  0.163264
961  0.150039
962  0.150455
963  0.150873
964  0.151293
965  0.151715
966  0.15214
967  0.152567
968  0.152995
969  0.153426
970  0.15386
971  0.154295
972  0.154733
973  0.155173
974  0.155615
975  0.15606
976  0.156507
977  0.156956
978  0.157408
979  0.157862
980  0.158318
981  0.158777
982  0.159238
983  0.159702
984  0.160168
985  0.160636
986  0.161107
987  0.161581
988  0.162057
989  0.162535
990  0.163016
991  0.1635
992  0.163986
993  0.150658
994  0.151077
995  0.151498
996  0.151922
997  0.152347
998  0.152775
999  0.153205
1000  0.153637
1001  0.154071
1002  0.154508
1003  0.154947
1004  0.155388
1005  0.155832
1006  0.156277
1007  0.156725
1008  0.157176
1009  0.157629
1010  0.158084
1011  0.158541
1012  0.159001
1013  0.159464
1014  0.159928
1015  0.160396
1016  0.160865
1017  0.161337
1018  0.161812
1019  0.162289
1020  0.162769
1021  0.163251
1022  0.163736
1023  0.164223
1024  0.164713
1025  0.151282
1026  0.151704
1027  0.152129
1028  0.152555
1029  0.152984
1030  0.153415
1031  0.153848
1032  0.154284
1033  0.154722
1034  0.155162
1035  0.155604
1036  0.156048
1037  0.156495
1038  0.156945
1039  0.157396
1040  0.15785
1041  0.158306
1042  0.158765
1043  0.159226
1044  0.15969
1045  0.160156
1046  0.160624
1047  0.161095
1048  0.161568
1049  0.162044
1050  0.162523
1051  0.163004
1052  0.163487
1053  0.163973
1054  0.164462
1055  0.164953
1056  0.165447
1057  0.151911
1058  0.152336
1059  0.152764
1060  0.153194
1061  0.153626
1062  0.15406
1063  0.154497
1064  0.154936
1065  0.155377
1066  0.15582
1067  0.156266
1068  0.156714
1069  0.157164
1070  0.157617
1071  0.158072
1072  0.158529
1073  0.158989
1074  0.159452
1075  0.159916
1076  0.160383
1077  0.160853
1078  0.161325
1079  0.1618
1080  0.162277
1081  0.162757
1082  0.163239
1083  0.163723
1084  0.164211
1085  0.164701
1086  0.165193
1087  0.165688
1088  0.166186
1089  0.152544
1090  0.152973
1091  0.153404
1092  0.153837
1093  0.154273
1094  0.15471
1095  0.15515
1096  0.155592
1097  0.156037
1098  0.156484
1099  0.156933
1100  0.157384
1101  0.157838
1102  0.158294
1103  0.158753
1104  0.159214
1105  0.159678
1106  0.160144
1107  0.160612
1108  0.161083
1109  0.161556
1110  0.162032
1111  0.16251
1112  0.162991
1113  0.163474
1114  0.16396
1115  0.164449
1116  0.16494
1117  0.165434
1118  0.16593
1119  0.166429
1120  0.166931
1121  0.153183
1122  0.153615
1123  0.154049
1124  0.154485
1125  0.154924
1126  0.155365
1127  0.155809
1128  0.156254
1129  0.156702
1130  0.157152
1131  0.157605
1132  0.15806
1133  0.158518
1134  0.158977
1135  0.15944
1136  0.159904
1137  0.160371
1138  0.160841
1139  0.161313
1140  0.161787
1141  0.162264
1142  0.162744
1143  0.163226
1144  0.163711
1145  0.164198
1146  0.164688
1147  0.16518
1148  0.165675
1149  0.166173
1150  0.166673
1151  0.167176
1152  0.167682
1153  0.153826
1154  0.154261
1155  0.154699
1156  0.155139
1157  0.155581
1158  0.156025
1159  0.156472
1160  0.156921
1161  0.157373
1162  0.157826
1163  0.158283
1164  0.158741
1165  0.159202
1166  0.159666
1167  0.160131
1168  0.1606
1169  0.16107
1170  0.161544
1171  0.162019
1172  0.162498
1173  0.162979
1174  0.163462
1175  0.163948
1176  0.164436
1177  0.164927
1178  0.165421
1179  0.165917
1180  0.166416
1181  0.166918
1182  0.167422
1183  0.167929
1184  0.168439
1185  0.154474
1186  0.154913
1187  0.155354
1188  0.155797
1189  0.156243
1190  0.15669
1191  0.157141
1192  0.157593
1193  0.158048
1194  0.158506
1195  0.158965
1196  0.159428
1197  0.159892
1198  0.160359
1199  0.160829
1200  0.161301
1201  0.161775
1202  0.162252
1203  0.162732
1204  0.163214
1205  0.163698
1206  0.164185
1207  0.164675
1208  0.165167
1209  0.165662
1210  0.16616
1211  0.16666
1212  0.167163
1213  0.167669
1214  0.168177
1215  0.168688
1216  0.169202
1217  0.155127
1218  0.155569
1219  0.156014
1220  0.15646
1221  0.156909
1222  0.157361
1223  0.157815
1224  0.158271
1225  0.158729
1226  0.15919
1227  0.159654
1228  0.160119
1229  0.160588
1230  0.161058
1231  0.161531
1232  0.162007
1233  0.162485
1234  0.162966
1235  0.163449
1236  0.163935
1237  0.164424
1238  0.164915
1239  0.165408
1240  0.165904
1241  0.166403
1242  0.166905
1243  0.167409
1244  0.167916
1245  0.168426
1246  0.168938
1247  0.169453
1248  0.169971
1249  0.155785
1250  0.156231
1251  0.156679
1252  0.157129
1253  0.157582
1254  0.158037
1255  0.158494
1256  0.158953
1257  0.159416
1258  0.15988
1259  0.160347
1260  0.160817
1261  0.161288
1262  0.161763
1263  0.16224
1264  0.162719
1265  0.163201
1266  0.163686
1267  0.164173
1268  0.164662
1269  0.165155
1270  0.16565
1271  0.166147
1272  0.166647
1273  0.16715
1274  0.167656
1275  0.168164
1276  0.168675
1277  0.169188
1278  0.169705
1279  0.170224
1280  0.170746
1281  0.156449
1282  0.156898
1283  0.157349
1284  0.157803
1285  0.158259
1286  0.158717
1287  0.159178
1288  0.159641
1289  0.160107
1290  0.160575
1291  0.161046
1292  0.161519
1293  0.161995
1294  0.162473
1295  0.162954
1296  0.163437
1297  0.163922
1298  0.164411
1299  0.164902
1300  0.165395
1301  0.165891
1302  0.16639
1303  0.166892
1304  0.167396
1305  0.167903
1306  0.168412
1307  0.168925
1308  0.16944
1309  0.169957
1310  0.170478
1311  0.171001
1312  0.171528
1313  0.157117
1314  0.15757
1315  0.158025
1316  0.158482
1317  0.158941
1318  0.159403
1319  0.159868
1320  0.160335
1321  0.160804
1322  0.161276
1323  0.16175
1324  0.162227
1325  0.162707
1326  0.163189
1327  0.163673
1328  0.16416
1329  0.16465
1330  0.165142
1331  0.165637
1332  0.166134
1333  0.166634
1334  0.167137
1335  0.167642
1336  0.168151
1337  0.168661
1338  0.169175
1339  0.169691
1340  0.170211
1341  0.170733
1342  0.171257
1343  0.171785
1344  0.172315
1345  0.157791
1346  0.158247
1347  0.158705
1348  0.159166
1349  0.159629
1350  0.160095
1351  0.160563
1352  0.161034
1353  0.161507
1354  0.161982
1355  0.16246
1356  0.162941
1357  0.163424
1358  0.16391
1359  0.164398
1360  0.164889
1361  0.165382
1362  0.165879
1363  0.166377
1364  0.166879
1365  0.167383
1366  0.16789
1367  0.168399
1368  0.168911
1369  0.169426
1370  0.169944
1371  0.170464
1372  0.170988
1373  0.171514
1374  0.172043
1375  0.172574
1376  0.173109
1377  0.15847
1378  0.15893
1379  0.159391
1380  0.159856
1381  0.160323
1382  0.160792
1383  0.161264
1384  0.161738
1385  0.162215
1386  0.162694
1387  0.163176
1388  0.16366
1389  0.164147
1390  0.164637
1391  0.165129
1392  0.165624
1393  0.166121
1394  0.166621
1395  0.167124
1396  0.167629
1397  0.168137
1398  0.168648
1399  0.169162
1400  0.169678
1401  0.170197
1402  0.170719
1403  0.171244
1404  0.171771
1405  0.172301
1406  0.172835
1407  0.173371
1408  0.173909
1409  0.159154
1410  0.159617
1411  0.160083
1412  0.160551
1413  0.161022
1414  0.161495
1415  0.16197
1416  0.162448
1417  0.162928
1418  0.163412
1419  0.163897
1420  0.164385
1421  0.164876
1422  0.16537
1423  0.165866
1424  0.166364
1425  0.166866
1426  0.16737
1427  0.167876
1428  0.168386
1429  0.168898
1430  0.169413
1431  0.169931
1432  0.170451
1433  0.170974
1434  0.1715
1435  0.172029
1436  0.172561
1437  0.173095
1438  0.173633
1439  0.174173
1440  0.174716
