1  0.102248
2  0.102517
3  0.102788
4  0.10306
5  0.103333
6  0.103608
7  0.103884
8  0.104161
9  0.10444
10  0.10472
11  0.105002
12  0.105285
13  0.105569
14  0.105855
15  0.106142
16  0.106431
17  0.106721
18  0.107012
19  0.107305
20  0.1076
21  0.107896
22  0.108193
23  0.108492
24  0.108793
25  0.109095
26  0.109398
27  0.109703
28  0.11001
29  0.110318
30  0.110628
31  0.11094
32  0.111253
33  0.102649
34  0.10292
35  0.103193
36  0.103467
37  0.103742
38  0.104019
39  0.104297
40  0.104576
41  0.104857
42  0.105139
43  0.105423
44  0.105708
45  0.105995
46  0.106282
47  0.106572
48  0.106863
49  0.107155
50  0.107449
51  0.107744
52  0.10804
53  0.108339
54  0.108638
55  0.10894
56  0.109242
57  0.109547
58  0.109853
59  0.11016
60  0.110469
61  0.11078
62  0.111092
63  0.111406
64  0.111721
65  0.103053
66  0.103326
67  0.103601
68  0.103877
69  0.104154
70  0.104433
71  0.104713
72  0.104994
73  0.105277
74  0.105562
75  0.105847
76  0.106135
77  0.106423
78  0.106713
79  0.107005
80  0.107298
81  0.107592
82  0.107888
83  0.108185
84  0.108484
85  0.108785
86  0.109087
87  0.10939
88  0.109696
89  0.110002
90  0.11031
91  0.11062
92  0.110932
93  0.111244
94  0.111559
95  0.111875
96  0.112193
97  0.10346
98  0.103735
99  0.104012
100  0.10429
101  0.104569
102  0.10485
103  0.105132
104  0.105416
105  0.105701
106  0.105987
107  0.106275
108  0.106564
109  0.106855
110  0.107147
111  0.107441
112  0.107736
113  0.108033
114  0.108331
115  0.108631
116  0.108932
117  0.109235
118  0.109539
119  0.109845
120  0.110152
121  0.110461
122  0.110772
123  0.111084
124  0.111398
125  0.111713
126  0.11203
127  0.112348
128  0.112669
129  0.10387
130  0.104147
131  0.104425
132  0.104706
133  0.104987
134  0.10527
135  0.105554
136  0.10584
137  0.106127
138  0.106416
139  0.106706
140  0.106997
141  0.10729
142  0.107585
143  0.10788
144  0.108178
145  0.108477
146  0.108777
147  0.109079
148  0.109383
149  0.109688
150  0.109994
151  0.110302
152  0.110612
153  0.110923
154  0.111236
155  0.111551
156  0.111867
157  0.112185
158  0.112504
159  0.112825
160  0.113148
161  0.104282
162  0.104562
163  0.104843
164  0.105125
165  0.105408
166  0.105693
167  0.10598
168  0.106267
169  0.106557
170  0.106847
171  0.10714
172  0.107433
173  0.107728
174  0.108025
175  0.108323
176  0.108623
177  0.108924
178  0.109227
179  0.109531
180  0.109837
181  0.110144
182  0.110453
183  0.110763
184  0.111076
185  0.111389
186  0.111705
187  0.112022
188  0.11234
189  0.11266
190  0.112982
191  0.113306
192  0.113631
193  0.104698
194  0.10498
195  0.105263
196  0.105547
197  0.105832
198  0.10612
199  0.106408
200  0.106698
201  0.10699
202  0.107282
203  0.107577
204  0.107873
205  0.10817
206  0.108469
207  0.108769
208  0.109071
209  0.109375
210  0.10968
211  0.109986
212  0.110294
213  0.110604
214  0.110915
215  0.111228
216  0.111543
217  0.111859
218  0.112177
219  0.112496
220  0.112817
221  0.11314
222  0.113464
223  0.11379
224  0.114118
225  0.105117
226  0.105401
227  0.105686
228  0.105972
229  0.10626
230  0.106549
231  0.10684
232  0.107132
233  0.107426
234  0.107721
235  0.108017
236  0.108315
237  0.108615
238  0.108916
239  0.109219
240  0.109523
241  0.109829
242  0.110136
243  0.110445
244  0.110755
245  0.111067
246  0.111381
247  0.111696
248  0.112013
249  0.112332
250  0.112652
251  0.112974
252  0.113297
253  0.113623
254  0.11395
255  0.114278
256  0.114608
257  0.105539
258  0.105825
259  0.106112
260  0.106401
261  0.106691
262  0.106982
263  0.107275
264  0.107569
265  0.107865
266  0.108162
267  0.108461
268  0.108761
269  0.109063
270  0.109367
271  0.109672
272  0.109978
273  0.110286
274  0.110596
275  0.110907
276  0.11122
277  0.111535
278  0.111851
279  0.112168
280  0.112488
281  0.112809
282  0.113131
283  0.113456
284  0.113782
285  0.114109
286  0.114439
287  0.11477
288  0.115103
289  0.105965
290  0.106252
291  0.106542
292  0.106832
293  0.107124
294  0.107418
295  0.107713
296  0.10801
297  0.108308
298  0.108607
299  0.108908
300  0.109211
301  0.109515
302  0.109821
303  0.110128
304  0.110437
305  0.110747
306  0.111059
307  0.111373
308  0.111688
309  0.112005
310  0.112324
311  0.112644
312  0.112966
313  0.113289
314  0.113614
315  0.113941
316  0.11427
317  0.1146
318  0.114932
319  0.115266
320  0.115601
321  0.106393
322  0.106683
323  0.106974
324  0.107267
325  0.107561
326  0.107857
327  0.108155
328  0.108453
329  0.108754
330  0.109055
331  0.109359
332  0.109664
333  0.10997
334  0.110278
335  0.110588
336  0.110899
337  0.111212
338  0.111526
339  0.111842
340  0.11216
341  0.112479
342  0.1128
343  0.113123
344  0.113447
345  0.113773
346  0.114101
347  0.11443
348  0.114761
349  0.115094
350  0.115429
351  0.115765
352  0.116103
353  0.106825
354  0.107117
355  0.10741
356  0.107705
357  0.108002
358  0.1083
359  0.108599
360  0.1089
361  0.109203
362  0.109507
363  0.109813
364  0.11012
365  0.110429
366  0.110739
367  0.111051
368  0.111365
369  0.11168
370  0.111997
371  0.112315
372  0.112635
373  0.112957
374  0.113281
375  0.113606
376  0.113933
377  0.114261
378  0.114591
379  0.114923
380  0.115257
381  0.115592
382  0.11593
383  0.116269
384  0.116609
385  0.10726
386  0.107554
387  0.10785
388  0.108147
389  0.108446
390  0.108746
391  0.109048
392  0.109351
393  0.109656
394  0.109962
395  0.11027
396  0.11058
397  0.110891
398  0.111204
399  0.111518
400  0.111834
401  0.112152
402  0.112471
403  0.112792
404  0.113114
405  0.113439
406  0.113765
407  0.114092
408  0.114422
409  0.114753
410  0.115086
411  0.11542
412  0.115756
413  0.116094
414  0.116434
415  0.116776
416  0.117119
417  0.107698
418  0.107994
419  0.108292
420  0.108592
421  0.108893
422  0.109195
423  0.109499
424  0.109805
425  0.110112
426  0.110421
427  0.110731
428  0.111043
429  0.111357
430  0.111672
431  0.111989
432  0.112307
433  0.112627
434  0.112949
435  0.113272
436  0.113597
437  0.113924
438  0.114253
439  0.114583
440  0.114915
441  0.115248
442  0.115584
443  0.115921
444  0.11626
445  0.1166
446  0.116943
447  0.117287
448  0.117633
449  0.108139
450  0.108438
451  0.108738
452  0.10904
453  0.109343
454  0.109648
455  0.109954
456  0.110262
457  0.110572
458  0.110883
459  0.111196
460  0.11151
461  0.111826
462  0.112144
463  0.112463
464  0.112784
465  0.113106
466  0.11343
467  0.113756
468  0.114084
469  0.114413
470  0.114744
471  0.115077
472  0.115411
473  0.115748
474  0.116086
475  0.116425
476  0.116767
477  0.11711
478  0.117456
479  0.117802
480  0.118151
481  0.108584
482  0.108885
483  0.109187
484  0.109491
485  0.109797
486  0.110104
487  0.110413
488  0.110723
489  0.111035
490  0.111349
491  0.111664
492  0.11198
493  0.112299
494  0.112619
495  0.11294
496  0.113264
497  0.113589
498  0.113916
499  0.114244
500  0.114574
501  0.114906
502  0.11524
503  0.115575
504  0.115912
505  0.116251
506  0.116592
507  0.116934
508  0.117278
509  0.117624
510  0.117972
511  0.118322
512  0.118674
513  0.109032
514  0.109335
515  0.10964
516  0.109946
517  0.110254
518  0.110564
519  0.110875
520  0.111188
521  0.111502
522  0.111818
523  0.112135
524  0.112454
525  0.112775
526  0.113098
527  0.113422
528  0.113748
529  0.114075
530  0.114405
531  0.114736
532  0.115068
533  0.115403
534  0.115739
535  0.116077
536  0.116417
537  0.116758
538  0.117101
539  0.117447
540  0.117794
541  0.118142
542  0.118493
543  0.118845
544  0.1192
545  0.109483
546  0.109789
547  0.110096
548  0.110405
549  0.110715
550  0.111027
551  0.11134
552  0.111655
553  0.111972
554  0.11229
555  0.11261
556  0.112932
557  0.113255
558  0.11358
559  0.113907
560  0.114235
561  0.114566
562  0.114897
563  0.115231
564  0.115566
565  0.115903
566  0.116242
567  0.116583
568  0.116925
569  0.117269
570  0.117615
571  0.117963
572  0.118313
573  0.118664
574  0.119018
575  0.119373
576  0.11973
577  0.109938
578  0.110246
579  0.110556
580  0.110867
581  0.111179
582  0.111494
583  0.111809
584  0.112127
585  0.112446
586  0.112767
587  0.113089
588  0.113413
589  0.113739
590  0.114067
591  0.114396
592  0.114727
593  0.11506
594  0.115394
595  0.11573
596  0.116068
597  0.116408
598  0.116749
599  0.117092
600  0.117438
601  0.117784
602  0.118133
603  0.118484
604  0.118836
605  0.119191
606  0.119547
607  0.119905
608  0.120265
609  0.110397
610  0.110707
611  0.111019
612  0.111332
613  0.111647
614  0.111964
615  0.112282
616  0.112602
617  0.112924
618  0.113247
619  0.113572
620  0.113899
621  0.114227
622  0.114557
623  0.114889
624  0.115222
625  0.115557
626  0.115894
627  0.116233
628  0.116574
629  0.116916
630  0.11726
631  0.117606
632  0.117954
633  0.118304
634  0.118655
635  0.119009
636  0.119364
637  0.119721
638  0.12008
639  0.120441
640  0.120804
641  0.110859
642  0.111171
643  0.111485
644  0.111801
645  0.112119
646  0.112438
647  0.112759
648  0.113081
649  0.113405
650  0.113731
651  0.114058
652  0.114387
653  0.114718
654  0.115051
655  0.115385
656  0.115721
657  0.116059
658  0.116399
659  0.11674
660  0.117084
661  0.117429
662  0.117775
663  0.118124
664  0.118475
665  0.118827
666  0.119181
667  0.119538
668  0.119896
669  0.120256
670  0.120617
671  0.120981
672  0.121347
673  0.111324
674  0.111639
675  0.111956
676  0.112274
677  0.112594
678  0.112915
679  0.113239
680  0.113563
681  0.11389
682  0.114218
683  0.114548
684  0.11488
685  0.115214
686  0.115549
687  0.115886
688  0.116224
689  0.116565
690  0.116907
691  0.117251
692  0.117597
693  0.117945
694  0.118295
695  0.118646
696  0.118999
697  0.119355
698  0.119712
699  0.120071
700  0.120432
701  0.120794
702  0.121159
703  0.121526
704  0.121895
705  0.111793
706  0.11211
707  0.11243
708  0.11275
709  0.113073
710  0.113397
711  0.113722
712  0.11405
713  0.114379
714  0.11471
715  0.115042
716  0.115377
717  0.115713
718  0.11605
719  0.11639
720  0.116731
721  0.117075
722  0.11742
723  0.117766
724  0.118115
725  0.118466
726  0.118818
727  0.119172
728  0.119528
729  0.119886
730  0.120246
731  0.120608
732  0.120972
733  0.121337
734  0.121705
735  0.122075
736  0.122446
737  0.112266
738  0.112585
739  0.112907
740  0.11323
741  0.113555
742  0.113882
743  0.11421
744  0.11454
745  0.114871
746  0.115205
747  0.11554
748  0.115877
749  0.116216
750  0.116556
751  0.116898
752  0.117242
753  0.117588
754  0.117936
755  0.118286
756  0.118637
757  0.11899
758  0.119345
759  0.119702
760  0.120061
761  0.120422
762  0.120785
763  0.12115
764  0.121516
765  0.121885
766  0.122256
767  0.122628
768  0.123003
769  0.112742
770  0.113064
771  0.113388
772  0.113714
773  0.114041
774  0.11437
775  0.114701
776  0.115034
777  0.115368
778  0.115704
779  0.116042
780  0.116381
781  0.116723
782  0.117066
783  0.117411
784  0.117757
785  0.118106
786  0.118456
787  0.118809
788  0.119163
789  0.119519
790  0.119877
791  0.120237
792  0.120599
793  0.120962
794  0.121328
795  0.121696
796  0.122065
797  0.122437
798  0.12281
799  0.123186
800  0.123564
801  0.113222
802  0.113547
803  0.113873
804  0.114201
805  0.114531
806  0.114863
807  0.115196
808  0.115531
809  0.115868
810  0.116207
811  0.116547
812  0.116889
813  0.117233
814  0.117579
815  0.117927
816  0.118276
817  0.118628
818  0.118981
819  0.119336
820  0.119693
821  0.120052
822  0.120413
823  0.120775
824  0.12114
825  0.121507
826  0.121875
827  0.122246
828  0.122618
829  0.122993
830  0.12337
831  0.123748
832  0.124129
833  0.113705
834  0.114033
835  0.114362
836  0.114692
837  0.115025
838  0.115359
839  0.115695
840  0.116033
841  0.116372
842  0.116714
843  0.117057
844  0.117402
845  0.117748
846  0.118097
847  0.118447
848  0.1188
849  0.119154
850  0.11951
851  0.119868
852  0.120227
853  0.120589
854  0.120953
855  0.121318
856  0.121686
857  0.122056
858  0.122427
859  0.122801
860  0.123176
861  0.123554
862  0.123933
863  0.124315
864  0.124699
865  0.114193
866  0.114523
867  0.114854
868  0.115187
869  0.115523
870  0.115859
871  0.116198
872  0.116538
873  0.116881
874  0.117224
875  0.11757
876  0.117918
877  0.118267
878  0.118619
879  0.118972
880  0.119327
881  0.119684
882  0.120043
883  0.120403
884  0.120766
885  0.121131
886  0.121497
887  0.121866
888  0.122236
889  0.122609
890  0.122983
891  0.12336
892  0.123738
893  0.124119
894  0.124502
895  0.124886
896  0.125273
897  0.114684
898  0.115016
899  0.11535
900  0.115686
901  0.116024
902  0.116364
903  0.116705
904  0.117048
905  0.117393
906  0.117739
907  0.118088
908  0.118438
909  0.11879
910  0.119145
911  0.119501
912  0.119858
913  0.120218
914  0.12058
915  0.120943
916  0.121309
917  0.121676
918  0.122046
919  0.122417
920  0.122791
921  0.123166
922  0.123544
923  0.123923
924  0.124305
925  0.124689
926  0.125074
927  0.125462
928  0.125852
929  0.115179
930  0.115514
931  0.115851
932  0.116189
933  0.11653
934  0.116872
935  0.117216
936  0.117561
937  0.117909
938  0.118258
939  0.11861
940  0.118963
941  0.119318
942  0.119675
943  0.120033
944  0.120394
945  0.120757
946  0.121121
947  0.121488
948  0.121856
949  0.122227
950  0.122599
951  0.122974
952  0.12335
953  0.123728
954  0.124109
955  0.124492
956  0.124876
957  0.125263
958  0.125652
959  0.126043
960  0.126436
961  0.115678
962  0.116015
963  0.116355
964  0.116696
965  0.117039
966  0.117384
967  0.11773
968  0.118079
969  0.118429
970  0.118781
971  0.119135
972  0.119491
973  0.119849
974  0.120209
975  0.12057
976  0.120934
977  0.121299
978  0.121667
979  0.122036
980  0.122408
981  0.122781
982  0.123157
983  0.123534
984  0.123914
985  0.124295
986  0.124679
987  0.125064
988  0.125452
989  0.125842
990  0.126234
991  0.126628
992  0.127024
993  0.11618
994  0.116521
995  0.116863
996  0.117207
997  0.117552
998  0.1179
999  0.118249
1000  0.1186
1001  0.118953
1002  0.119308
1003  0.119665
1004  0.120024
1005  0.120385
1006  0.120747
1007  0.121112
1008  0.121478
1009  0.121847
1010  0.122217
1011  0.122589
1012  0.122964
1013  0.12334
1014  0.123719
1015  0.124099
1016  0.124482
1017  0.124866
1018  0.125253
1019  0.125642
1020  0.126033
1021  0.126426
1022  0.126821
1023  0.127218
1024  0.127617
1025  0.116687
1026  0.11703
1027  0.117375
1028  0.117721
1029  0.11807
1030  0.11842
1031  0.118772
1032  0.119126
1033  0.119482
1034  0.11984
1035  0.120199
1036  0.120561
1037  0.120925
1038  0.12129
1039  0.121657
1040  0.122027
1041  0.122398
1042  0.122771
1043  0.123147
1044  0.123524
1045  0.123904
1046  0.124285
1047  0.124669
1048  0.125054
1049  0.125442
1050  0.125832
1051  0.126224
1052  0.126618
1053  0.127014
1054  0.127412
1055  0.127813
1056  0.128215
1057  0.117198
1058  0.117543
1059  0.117891
1060  0.11824
1061  0.118591
1062  0.118944
1063  0.119299
1064  0.119656
1065  0.120015
1066  0.120375
1067  0.120738
1068  0.121102
1069  0.121469
1070  0.121837
1071  0.122207
1072  0.12258
1073  0.122954
1074  0.12333
1075  0.123709
1076  0.124089
1077  0.124472
1078  0.124856
1079  0.125243
1080  0.125632
1081  0.126022
1082  0.126415
1083  0.12681
1084  0.127208
1085  0.127607
1086  0.128009
1087  0.128412
1088  0.128818
1089  0.117712
1090  0.118061
1091  0.118411
1092  0.118763
1093  0.119117
1094  0.119473
1095  0.11983
1096  0.12019
1097  0.120552
1098  0.120915
1099  0.12128
1100  0.121648
1101  0.122017
1102  0.122388
1103  0.122762
1104  0.123137
1105  0.123514
1106  0.123894
1107  0.124275
1108  0.124659
1109  0.125044
1110  0.125432
1111  0.125822
1112  0.126214
1113  0.126607
1114  0.127004
1115  0.127402
1116  0.127802
1117  0.128205
1118  0.12861
1119  0.129017
1120  0.129426
1121  0.118231
1122  0.118582
1123  0.118935
1124  0.11929
1125  0.119647
1126  0.120005
1127  0.120366
1128  0.120728
1129  0.121093
1130  0.121459
1131  0.121827
1132  0.122198
1133  0.12257
1134  0.122944
1135  0.123321
1136  0.123699
1137  0.124079
1138  0.124462
1139  0.124846
1140  0.125233
1141  0.125621
1142  0.126012
1143  0.126405
1144  0.1268
1145  0.127197
1146  0.127597
1147  0.127998
1148  0.128402
1149  0.128808
1150  0.129216
1151  0.129626
1152  0.130039
1153  0.118754
1154  0.119108
1155  0.119463
1156  0.119821
1157  0.120181
1158  0.120542
1159  0.120906
1160  0.121271
1161  0.121638
1162  0.122008
1163  0.122379
1164  0.122752
1165  0.123127
1166  0.123505
1167  0.123884
1168  0.124265
1169  0.124649
1170  0.125034
1171  0.125422
1172  0.125812
1173  0.126203
1174  0.126597
1175  0.126993
1176  0.127392
1177  0.127792
1178  0.128194
1179  0.128599
1180  0.129006
1181  0.129415
1182  0.129827
1183  0.130241
1184  0.130656
1185  0.119281
1186  0.119637
1187  0.119996
1188  0.120356
1189  0.120719
1190  0.121083
1191  0.12145
1192  0.121818
1193  0.122188
1194  0.12256
1195  0.122935
1196  0.123311
1197  0.123689
1198  0.124069
1199  0.124452
1200  0.124836
1201  0.125223
1202  0.125611
1203  0.126002
1204  0.126395
1205  0.12679
1206  0.127187
1207  0.127586
1208  0.127988
1209  0.128391
1210  0.128797
1211  0.129205
1212  0.129616
1213  0.130028
1214  0.130443
1215  0.13086
1216  0.131279
1217  0.119812
1218  0.120171
1219  0.120533
1220  0.120896
1221  0.121261
1222  0.121629
1223  0.121998
1224  0.122369
1225  0.122742
1226  0.123118
1227  0.123495
1228  0.123874
1229  0.124255
1230  0.124639
1231  0.125024
1232  0.125412
1233  0.125801
1234  0.126193
1235  0.126587
1236  0.126983
1237  0.127381
1238  0.127782
1239  0.128184
1240  0.128589
1241  0.128996
1242  0.129405
1243  0.129816
1244  0.13023
1245  0.130646
1246  0.131064
1247  0.131484
1248  0.131907
1249  0.120347
1250  0.12071
1251  0.121074
1252  0.12144
1253  0.121808
1254  0.122178
1255  0.122551
1256  0.122925
1257  0.123301
1258  0.123679
1259  0.12406
1260  0.124442
1261  0.124826
1262  0.125213
1263  0.125601
1264  0.125992
1265  0.126385
1266  0.12678
1267  0.127177
1268  0.127576
1269  0.127977
1270  0.128381
1271  0.128787
1272  0.129195
1273  0.129605
1274  0.130017
1275  0.130432
1276  0.130849
1277  0.131268
1278  0.13169
1279  0.132114
1280  0.13254
1281  0.120887
1282  0.121252
1283  0.121619
1284  0.121988
1285  0.122359
1286  0.122733
1287  0.123108
1288  0.123485
1289  0.123864
1290  0.124245
1291  0.124629
1292  0.125014
1293  0.125402
1294  0.125791
1295  0.126183
1296  0.126577
1297  0.126973
1298  0.127371
1299  0.127771
1300  0.128174
1301  0.128578
1302  0.128985
1303  0.129394
1304  0.129805
1305  0.130219
1306  0.130635
1307  0.131053
1308  0.131473
1309  0.131896
1310  0.132321
1311  0.132748
1312  0.133178
1313  0.12143
1314  0.121799
1315  0.122169
1316  0.122541
1317  0.122915
1318  0.123291
1319  0.123669
1320  0.12405
1321  0.124432
1322  0.124816
1323  0.125203
1324  0.125591
1325  0.125982
1326  0.126374
1327  0.126769
1328  0.127166
1329  0.127565
1330  0.127967
1331  0.12837
1332  0.128776
1333  0.129184
1334  0.129594
1335  0.130007
1336  0.130421
1337  0.130838
1338  0.131257
1339  0.131679
1340  0.132103
1341  0.132529
1342  0.132957
1343  0.133388
1344  0.133821
1345  0.121979
1346  0.12235
1347  0.122723
1348  0.123098
1349  0.123475
1350  0.123854
1351  0.124236
1352  0.124619
1353  0.125004
1354  0.125392
1355  0.125781
1356  0.126173
1357  0.126566
1358  0.126962
1359  0.12736
1360  0.127761
1361  0.128163
1362  0.128568
1363  0.128974
1364  0.129384
1365  0.129795
1366  0.130208
1367  0.130624
1368  0.131042
1369  0.131462
1370  0.131885
1371  0.13231
1372  0.132737
1373  0.133167
1374  0.133599
1375  0.134033
1376  0.13447
1377  0.122531
1378  0.122905
1379  0.123281
1380  0.12366
1381  0.12404
1382  0.124422
1383  0.124806
1384  0.125193
1385  0.125581
1386  0.125972
1387  0.126364
1388  0.126759
1389  0.127156
1390  0.127555
1391  0.127956
1392  0.12836
1393  0.128765
1394  0.129173
1395  0.129584
1396  0.129996
1397  0.13041
1398  0.130827
1399  0.131246
1400  0.131668
1401  0.132092
1402  0.132518
1403  0.132946
1404  0.133377
1405  0.13381
1406  0.134246
1407  0.134684
1408  0.135124
1409  0.123088
1410  0.123465
1411  0.123844
1412  0.124226
1413  0.124609
1414  0.124994
1415  0.125382
1416  0.125771
1417  0.126163
1418  0.126556
1419  0.126952
1420  0.12735
1421  0.12775
1422  0.128153
1423  0.128557
1424  0.128964
1425  0.129373
1426  0.129784
1427  0.130197
1428  0.130613
1429  0.131031
1430  0.131451
1431  0.131874
1432  0.132299
1433  0.132726
1434  0.133156
1435  0.133588
1436  0.134022
1437  0.134459
1438  0.134898
1439  0.135339
1440  0.135783
