1  0.34814
2  0.349112
3  0.35009
4  0.351071
5  0.352057
6  0.353048
7  0.354043
8  0.355042
9  0.356046
10  0.357055
11  0.358068
12  0.359086
13  0.360107
14  0.361135
15  0.362166
16  0.363202
17  0.364243
18  0.365289
19  0.366339
20  0.367394
21  0.368454
22  0.369519
23  0.370588
24  0.371663
25  0.372742
26  0.373826
27  0.374915
28  0.376009
29  0.377109
30  0.378212
31  0.379322
32  0.380436
33  0.349588
34  0.350567
35  0.351551
36  0.352539
37  0.353532
38  0.354529
39  0.355531
40  0.356537
41  0.357548
42  0.358563
43  0.359583
44  0.360607
45  0.361636
46  0.36267
47  0.363709
48  0.364752
49  0.3658
50  0.366853
51  0.36791
52  0.368972
53  0.370039
54  0.371111
55  0.372188
56  0.373269
57  0.374356
58  0.375448
59  0.376544
60  0.377646
61  0.378752
62  0.379863
63  0.38098
64  0.382102
65  0.351046
66  0.352032
67  0.353022
68  0.354017
69  0.355016
70  0.35602
71  0.357029
72  0.358041
73  0.359059
74  0.360081
75  0.361108
76  0.362139
77  0.363176
78  0.364216
79  0.365262
80  0.366312
81  0.367367
82  0.368427
83  0.369491
84  0.370561
85  0.371635
86  0.372714
87  0.373798
88  0.374887
89  0.375981
90  0.37708
91  0.378184
92  0.379293
93  0.380407
94  0.381526
95  0.38265
96  0.383779
97  0.352514
98  0.353506
99  0.354503
100  0.355505
101  0.356511
102  0.357521
103  0.358536
104  0.359556
105  0.360581
106  0.36161
107  0.362643
108  0.363682
109  0.364725
110  0.365773
111  0.366825
112  0.367882
113  0.368944
114  0.370011
115  0.371083
116  0.37216
117  0.373241
118  0.374328
119  0.375419
120  0.376515
121  0.377617
122  0.378723
123  0.379834
124  0.380951
125  0.382073
126  0.383199
127  0.384331
128  0.385468
129  0.353991
130  0.35499
131  0.355994
132  0.357002
133  0.358015
134  0.359033
135  0.360055
136  0.361081
137  0.362112
138  0.363148
139  0.364189
140  0.365234
141  0.366284
142  0.36734
143  0.368399
144  0.369464
145  0.370533
146  0.371607
147  0.372686
148  0.37377
149  0.374859
150  0.375953
151  0.377051
152  0.378155
153  0.379264
154  0.380378
155  0.381497
156  0.382621
157  0.38375
158  0.384884
159  0.386023
160  0.387168
161  0.355479
162  0.356484
163  0.357495
164  0.35851
165  0.35953
166  0.360554
167  0.361583
168  0.362617
169  0.363655
170  0.364698
171  0.365745
172  0.366798
173  0.367855
174  0.368917
175  0.369984
176  0.371055
177  0.372132
178  0.373213
179  0.3743
180  0.375391
181  0.376487
182  0.377588
183  0.378694
184  0.379806
185  0.380922
186  0.382043
187  0.38317
188  0.384301
189  0.385438
190  0.38658
191  0.387727
192  0.38888
193  0.356976
194  0.357989
195  0.359006
196  0.360028
197  0.361054
198  0.362086
199  0.363122
200  0.364162
201  0.365207
202  0.366257
203  0.367312
204  0.368372
205  0.369436
206  0.370505
207  0.371579
208  0.372658
209  0.373742
210  0.374831
211  0.375924
212  0.377023
213  0.378127
214  0.379235
215  0.380349
216  0.381467
217  0.382591
218  0.38372
219  0.384855
220  0.385994
221  0.387138
222  0.388288
223  0.389443
224  0.390603
225  0.358484
226  0.359503
227  0.360527
228  0.361556
229  0.36259
230  0.363628
231  0.364671
232  0.365718
233  0.36677
234  0.367828
235  0.368889
236  0.369956
237  0.371027
238  0.372104
239  0.373185
240  0.374271
241  0.375363
242  0.376459
243  0.37756
244  0.378666
245  0.379777
246  0.380893
247  0.382014
248  0.383141
249  0.384272
250  0.385409
251  0.38655
252  0.387697
253  0.38885
254  0.390007
255  0.39117
256  0.392338
257  0.360002
258  0.361028
259  0.362059
260  0.363095
261  0.364135
262  0.36518
263  0.36623
264  0.367285
265  0.368344
266  0.369408
267  0.370477
268  0.371551
269  0.37263
270  0.373714
271  0.374802
272  0.375896
273  0.376994
274  0.378098
275  0.379206
276  0.38032
277  0.381438
278  0.382562
279  0.383691
280  0.384825
281  0.385964
282  0.387108
283  0.388258
284  0.389413
285  0.390573
286  0.391738
287  0.392908
288  0.394084
289  0.361529
290  0.362563
291  0.363601
292  0.364643
293  0.365691
294  0.366743
295  0.3678
296  0.368862
297  0.369928
298  0.371
299  0.372076
300  0.373157
301  0.374243
302  0.375334
303  0.37643
304  0.377531
305  0.378637
306  0.379748
307  0.380864
308  0.381985
309  0.383111
310  0.384243
311  0.385379
312  0.386521
313  0.387668
314  0.38882
315  0.389977
316  0.39114
317  0.392307
318  0.39348
319  0.394659
320  0.395843
321  0.363068
322  0.364108
323  0.365153
324  0.366203
325  0.367257
326  0.368316
327  0.369381
328  0.370449
329  0.371523
330  0.372602
331  0.373685
332  0.374774
333  0.375867
334  0.376966
335  0.378069
336  0.379177
337  0.380291
338  0.381409
339  0.382533
340  0.383662
341  0.384795
342  0.385934
343  0.387079
344  0.388228
345  0.389382
346  0.390542
347  0.391707
348  0.392878
349  0.394054
350  0.395235
351  0.396421
352  0.397613
353  0.364616
354  0.365664
355  0.366716
356  0.367772
357  0.368834
358  0.369901
359  0.370972
360  0.372048
361  0.373129
362  0.374215
363  0.375306
364  0.376401
365  0.377502
366  0.378608
367  0.379719
368  0.380835
369  0.381956
370  0.383082
371  0.384213
372  0.385349
373  0.386491
374  0.387638
375  0.38879
376  0.389947
377  0.391109
378  0.392277
379  0.39345
380  0.394628
381  0.395812
382  0.397001
383  0.398196
384  0.399395
385  0.366175
386  0.36723
387  0.368289
388  0.369353
389  0.370421
390  0.371495
391  0.372574
392  0.373657
393  0.374745
394  0.375839
395  0.376937
396  0.37804
397  0.379149
398  0.380262
399  0.38138
400  0.382504
401  0.383632
402  0.384766
403  0.385905
404  0.387049
405  0.388198
406  0.389353
407  0.390512
408  0.391677
409  0.392848
410  0.394023
411  0.395204
412  0.39639
413  0.397582
414  0.398779
415  0.399982
416  0.40119
417  0.367745
418  0.368806
419  0.369873
420  0.370944
421  0.37202
422  0.373101
423  0.374187
424  0.375277
425  0.376373
426  0.377474
427  0.378579
428  0.37969
429  0.380806
430  0.381927
431  0.383053
432  0.384184
433  0.38532
434  0.386461
435  0.387608
436  0.38876
437  0.389917
438  0.391079
439  0.392247
440  0.393419
441  0.394598
442  0.395781
443  0.39697
444  0.398164
445  0.399364
446  0.400569
447  0.40178
448  0.402996
449  0.369325
450  0.370394
451  0.371467
452  0.372546
453  0.373629
454  0.374717
455  0.37581
456  0.376908
457  0.378012
458  0.37912
459  0.380233
460  0.381351
461  0.382474
462  0.383603
463  0.384737
464  0.385875
465  0.387019
466  0.388168
467  0.389323
468  0.390482
469  0.391647
470  0.392817
471  0.393993
472  0.395173
473  0.39636
474  0.397551
475  0.398748
476  0.39995
477  0.401158
478  0.402372
479  0.40359
480  0.404815
481  0.370916
482  0.371992
483  0.373073
484  0.374159
485  0.375249
486  0.376345
487  0.377445
488  0.378551
489  0.379661
490  0.380777
491  0.381898
492  0.383023
493  0.384154
494  0.38529
495  0.386432
496  0.387578
497  0.38873
498  0.389887
499  0.391049
500  0.392216
501  0.393389
502  0.394567
503  0.39575
504  0.396939
505  0.398133
506  0.399333
507  0.400538
508  0.401748
509  0.402965
510  0.404186
511  0.405413
512  0.406646
513  0.372518
514  0.373601
515  0.374689
516  0.375782
517  0.37688
518  0.377983
519  0.379091
520  0.380204
521  0.381322
522  0.382445
523  0.383574
524  0.384707
525  0.385846
526  0.386989
527  0.388138
528  0.389292
529  0.390452
530  0.391617
531  0.392787
532  0.393962
533  0.395143
534  0.396329
535  0.39752
536  0.398717
537  0.399919
538  0.401127
539  0.40234
540  0.403559
541  0.404783
542  0.406013
543  0.407248
544  0.408489
545  0.37413
546  0.375221
547  0.376316
548  0.377417
549  0.378522
550  0.379632
551  0.380748
552  0.381868
553  0.382994
554  0.384125
555  0.385261
556  0.386402
557  0.387548
558  0.3887
559  0.389857
560  0.391018
561  0.392186
562  0.393358
563  0.394536
564  0.395719
565  0.396908
566  0.398102
567  0.399302
568  0.400507
569  0.401717
570  0.402933
571  0.404154
572  0.405381
573  0.406614
574  0.407852
575  0.409095
576  0.410345
577  0.375754
578  0.376851
579  0.377954
580  0.379062
581  0.380175
582  0.381293
583  0.382416
584  0.383544
585  0.384678
586  0.385816
587  0.38696
588  0.388109
589  0.389263
590  0.390422
591  0.391586
592  0.392756
593  0.393931
594  0.395112
595  0.396298
596  0.397489
597  0.398686
598  0.399888
599  0.401096
600  0.402309
601  0.403527
602  0.404751
603  0.405981
604  0.407216
605  0.408457
606  0.409703
607  0.410955
608  0.412213
609  0.377388
610  0.378493
611  0.379604
612  0.380719
613  0.381839
614  0.382965
615  0.384096
616  0.385231
617  0.386372
618  0.387518
619  0.38867
620  0.389826
621  0.390988
622  0.392156
623  0.393328
624  0.394506
625  0.395689
626  0.396877
627  0.398071
628  0.399271
629  0.400475
630  0.401685
631  0.402901
632  0.404123
633  0.405349
634  0.406582
635  0.40782
636  0.409063
637  0.410312
638  0.411567
639  0.412827
640  0.414093
641  0.379033
642  0.380146
643  0.381264
644  0.382387
645  0.383515
646  0.384648
647  0.385786
648  0.38693
649  0.388079
650  0.389232
651  0.390392
652  0.391556
653  0.392726
654  0.393901
655  0.395081
656  0.396267
657  0.397458
658  0.398655
659  0.399857
660  0.401064
661  0.402277
662  0.403495
663  0.404719
664  0.405949
665  0.407184
666  0.408424
667  0.409671
668  0.410922
669  0.41218
670  0.413443
671  0.414712
672  0.415987
673  0.38069
674  0.38181
675  0.382936
676  0.384066
677  0.385202
678  0.386343
679  0.387489
680  0.38864
681  0.389796
682  0.390958
683  0.392125
684  0.393297
685  0.394475
686  0.395658
687  0.396847
688  0.39804
689  0.399239
690  0.400444
691  0.401654
692  0.40287
693  0.404091
694  0.405317
695  0.40655
696  0.407787
697  0.409031
698  0.41028
699  0.411534
700  0.412794
701  0.414061
702  0.415332
703  0.41661
704  0.417893
705  0.382358
706  0.383486
707  0.384619
708  0.385757
709  0.3869
710  0.388049
711  0.389203
712  0.390362
713  0.391526
714  0.392695
715  0.39387
716  0.39505
717  0.396236
718  0.397427
719  0.398623
720  0.399825
721  0.401033
722  0.402245
723  0.403464
724  0.404687
725  0.405917
726  0.407152
727  0.408392
728  0.409638
729  0.41089
730  0.412147
731  0.41341
732  0.414679
733  0.415953
734  0.417234
735  0.41852
736  0.419811
737  0.384037
738  0.385172
739  0.386313
740  0.387459
741  0.38861
742  0.389766
743  0.390928
744  0.392095
745  0.393267
746  0.394444
747  0.395627
748  0.396816
749  0.398009
750  0.399208
751  0.400413
752  0.401623
753  0.402838
754  0.404059
755  0.405286
756  0.406518
757  0.407755
758  0.408998
759  0.410247
760  0.411502
761  0.412762
762  0.414027
763  0.415299
764  0.416576
765  0.417859
766  0.419148
767  0.420443
768  0.421743
769  0.385727
770  0.38687
771  0.388019
772  0.389172
773  0.390331
774  0.391495
775  0.392665
776  0.39384
777  0.39502
778  0.396205
779  0.397396
780  0.398592
781  0.399794
782  0.401001
783  0.402214
784  0.403432
785  0.404656
786  0.405885
787  0.407119
788  0.40836
789  0.409606
790  0.410857
791  0.412115
792  0.413377
793  0.414646
794  0.41592
795  0.4172
796  0.418486
797  0.419778
798  0.421075
799  0.422379
800  0.423688
801  0.387429
802  0.38858
803  0.389736
804  0.390898
805  0.392065
806  0.393236
807  0.394414
808  0.395596
809  0.396785
810  0.397978
811  0.399177
812  0.400381
813  0.401591
814  0.402806
815  0.404027
816  0.405254
817  0.406485
818  0.407723
819  0.408966
820  0.410215
821  0.411469
822  0.412729
823  0.413995
824  0.415266
825  0.416543
826  0.417826
827  0.419115
828  0.420409
829  0.421709
830  0.423015
831  0.424327
832  0.425645
833  0.389142
834  0.390301
835  0.391465
836  0.392635
837  0.393809
838  0.394989
839  0.396175
840  0.397365
841  0.398561
842  0.399763
843  0.40097
844  0.402182
845  0.4034
846  0.404624
847  0.405853
848  0.407087
849  0.408328
850  0.409573
851  0.410825
852  0.412082
853  0.413345
854  0.414613
855  0.415887
856  0.417167
857  0.418453
858  0.419744
859  0.421041
860  0.422344
861  0.423653
862  0.424968
863  0.426289
864  0.427615
865  0.390867
866  0.392034
867  0.393206
868  0.394383
869  0.395566
870  0.396754
871  0.397947
872  0.399146
873  0.40035
874  0.40156
875  0.402775
876  0.403995
877  0.405222
878  0.406454
879  0.407691
880  0.408934
881  0.410182
882  0.411436
883  0.412696
884  0.413962
885  0.415233
886  0.41651
887  0.417793
888  0.419081
889  0.420375
890  0.421675
891  0.422982
892  0.424293
893  0.425611
894  0.426934
895  0.428264
896  0.429599
897  0.392604
898  0.393779
899  0.394958
900  0.396144
901  0.397334
902  0.39853
903  0.399732
904  0.400939
905  0.402151
906  0.403369
907  0.404592
908  0.405821
909  0.407055
910  0.408295
911  0.409541
912  0.410792
913  0.412049
914  0.413312
915  0.41458
916  0.415854
917  0.417134
918  0.418419
919  0.419711
920  0.421008
921  0.422311
922  0.423619
923  0.424934
924  0.426254
925  0.427581
926  0.428913
927  0.430251
928  0.431596
929  0.394353
930  0.395535
931  0.396723
932  0.397916
933  0.399115
934  0.400319
935  0.401528
936  0.402743
937  0.403964
938  0.40519
939  0.406421
940  0.407659
941  0.408901
942  0.41015
943  0.411404
944  0.412663
945  0.413929
946  0.4152
947  0.416477
948  0.417759
949  0.419048
950  0.420342
951  0.421642
952  0.422947
953  0.424259
954  0.425576
955  0.4269
956  0.428229
957  0.429564
958  0.430905
959  0.432252
960  0.433606
961  0.396113
962  0.397303
963  0.398499
964  0.3997
965  0.400907
966  0.402119
967  0.403337
968  0.40456
969  0.405789
970  0.407023
971  0.408263
972  0.409509
973  0.41076
974  0.412017
975  0.413279
976  0.414547
977  0.415821
978  0.417101
979  0.418386
980  0.419677
981  0.420974
982  0.422277
983  0.423585
984  0.4249
985  0.42622
986  0.427546
987  0.428879
988  0.430217
989  0.431561
990  0.432911
991  0.434267
992  0.435629
993  0.397885
994  0.399083
995  0.400287
996  0.401497
997  0.402712
998  0.403932
999  0.405158
1000  0.406389
1001  0.407626
1002  0.408869
1003  0.410117
1004  0.411371
1005  0.412631
1006  0.413896
1007  0.415167
1008  0.416444
1009  0.417726
1010  0.419014
1011  0.420308
1012  0.421608
1013  0.422913
1014  0.424225
1015  0.425542
1016  0.426865
1017  0.428194
1018  0.42953
1019  0.430871
1020  0.432218
1021  0.43357
1022  0.434929
1023  0.436294
1024  0.437665
1025  0.399669
1026  0.400876
1027  0.402088
1028  0.403305
1029  0.404528
1030  0.405757
1031  0.406991
1032  0.408231
1033  0.409476
1034  0.410727
1035  0.411984
1036  0.413246
1037  0.414514
1038  0.415788
1039  0.417067
1040  0.418353
1041  0.419643
1042  0.42094
1043  0.422243
1044  0.423551
1045  0.424866
1046  0.426186
1047  0.427512
1048  0.428844
1049  0.430182
1050  0.431526
1051  0.432876
1052  0.434231
1053  0.435593
1054  0.436961
1055  0.438335
1056  0.439715
1057  0.401465
1058  0.40268
1059  0.4039
1060  0.405126
1061  0.406357
1062  0.407594
1063  0.408837
1064  0.410085
1065  0.411339
1066  0.412598
1067  0.413863
1068  0.415134
1069  0.41641
1070  0.417693
1071  0.418981
1072  0.420274
1073  0.421574
1074  0.422879
1075  0.424191
1076  0.425508
1077  0.426831
1078  0.42816
1079  0.429495
1080  0.430836
1081  0.432183
1082  0.433535
1083  0.434894
1084  0.436259
1085  0.43763
1086  0.439007
1087  0.440389
1088  0.441778
1089  0.403274
1090  0.404497
1091  0.405725
1092  0.406959
1093  0.408199
1094  0.409444
1095  0.410695
1096  0.411951
1097  0.413213
1098  0.414481
1099  0.415755
1100  0.417034
1101  0.418319
1102  0.41961
1103  0.420907
1104  0.422209
1105  0.423517
1106  0.424832
1107  0.426152
1108  0.427477
1109  0.428809
1110  0.430147
1111  0.431491
1112  0.43284
1113  0.434196
1114  0.435558
1115  0.436926
1116  0.4383
1117  0.439679
1118  0.441065
1119  0.442457
1120  0.443855
1121  0.405094
1122  0.406325
1123  0.407562
1124  0.408804
1125  0.410052
1126  0.411306
1127  0.412565
1128  0.41383
1129  0.415101
1130  0.416377
1131  0.417659
1132  0.418947
1133  0.420241
1134  0.42154
1135  0.422846
1136  0.424157
1137  0.425474
1138  0.426796
1139  0.428126
1140  0.42946
1141  0.430801
1142  0.432147
1143  0.4335
1144  0.434859
1145  0.436223
1146  0.437594
1147  0.438971
1148  0.440353
1149  0.441743
1150  0.443138
1151  0.444539
1152  0.445946
1153  0.406927
1154  0.408166
1155  0.409411
1156  0.410662
1157  0.411919
1158  0.413181
1159  0.414448
1160  0.415722
1161  0.417001
1162  0.418286
1163  0.419576
1164  0.420873
1165  0.422175
1166  0.423483
1167  0.424797
1168  0.426117
1169  0.427443
1170  0.428775
1171  0.430112
1172  0.431456
1173  0.432805
1174  0.434161
1175  0.435523
1176  0.43689
1177  0.438264
1178  0.439643
1179  0.441029
1180  0.442421
1181  0.443819
1182  0.445223
1183  0.446634
1184  0.44805
1185  0.408772
1186  0.41002
1187  0.411273
1188  0.412532
1189  0.413797
1190  0.415068
1191  0.416344
1192  0.417626
1193  0.418913
1194  0.420207
1195  0.421506
1196  0.422812
1197  0.424123
1198  0.425439
1199  0.426762
1200  0.428091
1201  0.429425
1202  0.430766
1203  0.432112
1204  0.433465
1205  0.434823
1206  0.436188
1207  0.437558
1208  0.438935
1209  0.440318
1210  0.441706
1211  0.443101
1212  0.444502
1213  0.445909
1214  0.447323
1215  0.448742
1216  0.450168
1217  0.41063
1218  0.411886
1219  0.413148
1220  0.414415
1221  0.415689
1222  0.416968
1223  0.418252
1224  0.419543
1225  0.420839
1226  0.422141
1227  0.423449
1228  0.424763
1229  0.426083
1230  0.427409
1231  0.42874
1232  0.430077
1233  0.431421
1234  0.43277
1235  0.434126
1236  0.435487
1237  0.436855
1238  0.438228
1239  0.439608
1240  0.440993
1241  0.442385
1242  0.443783
1243  0.445187
1244  0.446597
1245  0.448013
1246  0.449436
1247  0.450864
1248  0.452299
1249  0.4125
1250  0.413764
1251  0.415035
1252  0.416311
1253  0.417593
1254  0.41888
1255  0.420173
1256  0.421473
1257  0.422778
1258  0.424088
1259  0.425405
1260  0.426728
1261  0.428056
1262  0.429391
1263  0.430731
1264  0.432077
1265  0.43343
1266  0.434788
1267  0.436152
1268  0.437523
1269  0.438899
1270  0.440282
1271  0.44167
1272  0.443065
1273  0.444466
1274  0.445873
1275  0.447286
1276  0.448705
1277  0.450131
1278  0.451562
1279  0.453
1280  0.454444
1281  0.414382
1282  0.415655
1283  0.416934
1284  0.418219
1285  0.419509
1286  0.420805
1287  0.422107
1288  0.423415
1289  0.424729
1290  0.426048
1291  0.427374
1292  0.428705
1293  0.430043
1294  0.431386
1295  0.432735
1296  0.43409
1297  0.435452
1298  0.436819
1299  0.438192
1300  0.439572
1301  0.440957
1302  0.442349
1303  0.443746
1304  0.44515
1305  0.44656
1306  0.447976
1307  0.449399
1308  0.450827
1309  0.452262
1310  0.453703
1311  0.45515
1312  0.456603
1313  0.416277
1314  0.417559
1315  0.418847
1316  0.42014
1317  0.421439
1318  0.422744
1319  0.424054
1320  0.425371
1321  0.426693
1322  0.428022
1323  0.429356
1324  0.430696
1325  0.432042
1326  0.433395
1327  0.434753
1328  0.436117
1329  0.437487
1330  0.438863
1331  0.440246
1332  0.441634
1333  0.443029
1334  0.444429
1335  0.445836
1336  0.447249
1337  0.448668
1338  0.450094
1339  0.451525
1340  0.452963
1341  0.454407
1342  0.455857
1343  0.457313
1344  0.458776
1345  0.418186
1346  0.419476
1347  0.420772
1348  0.422074
1349  0.423381
1350  0.424695
1351  0.426014
1352  0.427339
1353  0.428671
1354  0.430008
1355  0.431351
1356  0.4327
1357  0.434055
1358  0.435416
1359  0.436784
1360  0.438156
1361  0.439536
1362  0.440921
1363  0.442313
1364  0.44371
1365  0.445114
1366  0.446524
1367  0.447939
1368  0.449361
1369  0.45079
1370  0.452224
1371  0.453665
1372  0.455112
1373  0.456565
1374  0.458025
1375  0.45949
1376  0.460962
1377  0.420106
1378  0.421405
1379  0.42271
1380  0.42402
1381  0.425337
1382  0.426659
1383  0.427987
1384  0.429321
1385  0.430661
1386  0.432007
1387  0.433359
1388  0.434717
1389  0.436081
1390  0.437452
1391  0.438828
1392  0.44021
1393  0.441598
1394  0.442992
1395  0.444393
1396  0.4458
1397  0.447212
1398  0.448631
1399  0.450056
1400  0.451488
1401  0.452925
1402  0.454369
1403  0.455819
1404  0.457275
1405  0.458738
1406  0.460207
1407  0.461682
1408  0.463163
1409  0.42204
1410  0.423347
1411  0.424661
1412  0.42598
1413  0.427305
1414  0.428636
1415  0.429973
1416  0.431316
1417  0.432665
1418  0.43402
1419  0.435381
1420  0.436748
1421  0.438121
1422  0.4395
1423  0.440885
1424  0.442276
1425  0.443674
1426  0.445077
1427  0.446487
1428  0.447903
1429  0.449325
1430  0.450753
1431  0.452187
1432  0.453628
1433  0.455074
1434  0.456527
1435  0.457987
1436  0.459452
1437  0.460924
1438  0.462402
1439  0.463887
1440  0.465377
