1  0.245014
2  0.245649
3  0.246288
4  0.246929
5  0.247573
6  0.24822
7  0.24887
8  0.249524
9  0.25018
10  0.250839
11  0.251501
12  0.252167
13  0.252835
14  0.253507
15  0.254182
16  0.254859
17  0.255541
18  0.256225
19  0.256912
20  0.257603
21  0.258297
22  0.258994
23  0.259694
24  0.260398
25  0.261105
26  0.261815
27  0.262529
28  0.263246
29  0.263966
30  0.26469
31  0.265417
32  0.266148
33  0.24596
34  0.2466
35  0.247242
36  0.247888
37  0.248537
38  0.249188
39  0.249843
40  0.250501
41  0.251161
42  0.251825
43  0.252492
44  0.253162
45  0.253835
46  0.254511
47  0.255191
48  0.255873
49  0.256559
50  0.257248
51  0.25794
52  0.258636
53  0.259334
54  0.260037
55  0.260742
56  0.26145
57  0.262162
58  0.262878
59  0.263596
60  0.264318
61  0.265044
62  0.265773
63  0.266505
64  0.267241
65  0.246912
66  0.247556
67  0.248203
68  0.248854
69  0.249507
70  0.250163
71  0.250822
72  0.251484
73  0.252149
74  0.252818
75  0.253489
76  0.254164
77  0.254842
78  0.255523
79  0.256207
80  0.256894
81  0.257585
82  0.258279
83  0.258976
84  0.259676
85  0.26038
86  0.261086
87  0.261797
88  0.26251
89  0.263227
90  0.263948
91  0.264671
92  0.265399
93  0.266129
94  0.266863
95  0.267601
96  0.268342
97  0.247871
98  0.24852
99  0.249171
100  0.249826
101  0.250484
102  0.251144
103  0.251808
104  0.252475
105  0.253145
106  0.253818
107  0.254494
108  0.255173
109  0.255856
110  0.256541
111  0.25723
112  0.257922
113  0.258618
114  0.259316
115  0.260018
116  0.260724
117  0.261432
118  0.262144
119  0.262859
120  0.263578
121  0.2643
122  0.265025
123  0.265754
124  0.266486
125  0.267222
126  0.267961
127  0.268704
128  0.26945
129  0.248837
130  0.24949
131  0.250146
132  0.250805
133  0.251467
134  0.252132
135  0.2528
136  0.253472
137  0.254146
138  0.254824
139  0.255505
140  0.256189
141  0.256876
142  0.257567
143  0.258261
144  0.258958
145  0.259658
146  0.260361
147  0.261068
148  0.261778
149  0.262492
150  0.263209
151  0.263929
152  0.264653
153  0.26538
154  0.26611
155  0.266844
156  0.267582
157  0.268323
158  0.269067
159  0.269815
160  0.270567
161  0.249809
162  0.250466
163  0.251127
164  0.25179
165  0.252457
166  0.253127
167  0.2538
168  0.254476
169  0.255156
170  0.255838
171  0.256523
172  0.257212
173  0.257904
174  0.2586
175  0.259298
176  0.26
177  0.260705
178  0.261414
179  0.262125
180  0.26284
181  0.263559
182  0.264281
183  0.265006
184  0.265735
185  0.266467
186  0.267203
187  0.267942
188  0.268685
189  0.269431
190  0.270181
191  0.270934
192  0.271691
193  0.250788
194  0.25145
195  0.252115
196  0.252783
197  0.253454
198  0.254129
199  0.254807
200  0.255487
201  0.256171
202  0.256858
203  0.257549
204  0.258243
205  0.258939
206  0.259639
207  0.260343
208  0.26105
209  0.26176
210  0.262473
211  0.26319
212  0.26391
213  0.264634
214  0.265361
215  0.266091
216  0.266825
217  0.267562
218  0.268303
219  0.269048
220  0.269796
221  0.270547
222  0.271302
223  0.272061
224  0.272823
225  0.251773
226  0.25244
227  0.25311
228  0.253783
229  0.254459
230  0.255138
231  0.25582
232  0.256506
233  0.257194
234  0.257886
235  0.258582
236  0.25928
237  0.259982
238  0.260687
239  0.261395
240  0.262107
241  0.262822
242  0.26354
243  0.264262
244  0.264987
245  0.265716
246  0.266448
247  0.267184
248  0.267923
249  0.268665
250  0.269412
251  0.270161
252  0.270914
253  0.271671
254  0.272432
255  0.273196
256  0.273963
257  0.252766
258  0.253437
259  0.254111
260  0.254789
261  0.25547
262  0.256154
263  0.256841
264  0.257531
265  0.258225
266  0.258921
267  0.259621
268  0.260325
269  0.261031
270  0.261741
271  0.262455
272  0.263171
273  0.263891
274  0.264615
275  0.265342
276  0.266072
277  0.266806
278  0.267543
279  0.268284
280  0.269028
281  0.269776
282  0.270528
283  0.271283
284  0.272041
285  0.272803
286  0.273569
287  0.274339
288  0.275112
289  0.253765
290  0.254441
291  0.25512
292  0.255802
293  0.256488
294  0.257176
295  0.257868
296  0.258563
297  0.259262
298  0.259963
299  0.260668
300  0.261377
301  0.262088
302  0.262803
303  0.263522
304  0.264243
305  0.264969
306  0.265697
307  0.266429
308  0.267165
309  0.267904
310  0.268646
311  0.269392
312  0.270142
313  0.270895
314  0.271652
315  0.272412
316  0.273176
317  0.273943
318  0.274715
319  0.27549
320  0.276268
321  0.254771
322  0.255452
323  0.256136
324  0.256823
325  0.257513
326  0.258206
327  0.258903
328  0.259603
329  0.260306
330  0.261013
331  0.261723
332  0.262436
333  0.263153
334  0.263873
335  0.264596
336  0.265323
337  0.266053
338  0.266787
339  0.267524
340  0.268265
341  0.269009
342  0.269757
343  0.270508
344  0.271263
345  0.272021
346  0.272783
347  0.273549
348  0.274318
349  0.275092
350  0.275868
351  0.276649
352  0.277433
353  0.255785
354  0.25647
355  0.257159
356  0.25785
357  0.258545
358  0.259244
359  0.259945
360  0.26065
361  0.261358
362  0.26207
363  0.262785
364  0.263503
365  0.264225
366  0.26495
367  0.265678
368  0.26641
369  0.267146
370  0.267884
371  0.268627
372  0.269373
373  0.270122
374  0.270875
375  0.271632
376  0.272392
377  0.273156
378  0.273923
379  0.274695
380  0.275469
381  0.276248
382  0.27703
383  0.277816
384  0.278606
385  0.256805
386  0.257495
387  0.258188
388  0.258885
389  0.259585
390  0.260288
391  0.260995
392  0.261704
393  0.262417
394  0.263134
395  0.263854
396  0.264577
397  0.265304
398  0.266034
399  0.266768
400  0.267505
401  0.268245
402  0.26899
403  0.269737
404  0.270488
405  0.271243
406  0.272002
407  0.272764
408  0.273529
409  0.274299
410  0.275072
411  0.275848
412  0.276629
413  0.277413
414  0.278201
415  0.278992
416  0.279788
417  0.257832
418  0.258527
419  0.259225
420  0.259927
421  0.260632
422  0.26134
423  0.262051
424  0.262766
425  0.263484
426  0.264206
427  0.264931
428  0.265659
429  0.266391
430  0.267126
431  0.267865
432  0.268607
433  0.269353
434  0.270103
435  0.270856
436  0.271612
437  0.272372
438  0.273136
439  0.273904
440  0.274675
441  0.275449
442  0.276228
443  0.27701
444  0.277796
445  0.278586
446  0.279379
447  0.280176
448  0.280977
449  0.258867
450  0.259567
451  0.26027
452  0.260976
453  0.261686
454  0.262399
455  0.263115
456  0.263835
457  0.264558
458  0.265285
459  0.266015
460  0.266749
461  0.267486
462  0.268226
463  0.26897
464  0.269718
465  0.270469
466  0.271224
467  0.271982
468  0.272744
469  0.273509
470  0.274279
471  0.275051
472  0.275828
473  0.276608
474  0.277392
475  0.27818
476  0.278972
477  0.279767
478  0.280566
479  0.281369
480  0.282176
481  0.259909
482  0.260613
483  0.261321
484  0.262033
485  0.262748
486  0.263466
487  0.264187
488  0.264912
489  0.26564
490  0.266372
491  0.267107
492  0.267846
493  0.268588
494  0.269334
495  0.270083
496  0.270836
497  0.271593
498  0.272353
499  0.273116
500  0.273884
501  0.274654
502  0.275429
503  0.276207
504  0.27699
505  0.277776
506  0.278565
507  0.279359
508  0.280156
509  0.280957
510  0.281762
511  0.28257
512  0.283383
513  0.260958
514  0.261667
515  0.26238
516  0.263097
517  0.263816
518  0.26454
519  0.265266
520  0.265996
521  0.26673
522  0.267467
523  0.268207
524  0.268951
525  0.269698
526  0.270449
527  0.271204
528  0.271962
529  0.272724
530  0.273489
531  0.274259
532  0.275031
533  0.275808
534  0.276588
535  0.277372
536  0.27816
537  0.278951
538  0.279746
539  0.280545
540  0.281348
541  0.282155
542  0.282966
543  0.28378
544  0.284598
545  0.262014
546  0.262729
547  0.263447
548  0.264168
549  0.264893
550  0.265621
551  0.266353
552  0.267088
553  0.267827
554  0.268569
555  0.269314
556  0.270064
557  0.270816
558  0.271573
559  0.272333
560  0.273096
561  0.273864
562  0.274634
563  0.275409
564  0.276187
565  0.276969
566  0.277755
567  0.278544
568  0.279338
569  0.280135
570  0.280936
571  0.281741
572  0.282549
573  0.283362
574  0.284178
575  0.284999
576  0.285823
577  0.263078
578  0.263798
579  0.264521
580  0.265247
581  0.265977
582  0.266711
583  0.267447
584  0.268188
585  0.268932
586  0.269679
587  0.27043
588  0.271184
589  0.271943
590  0.272704
591  0.27347
592  0.274239
593  0.275011
594  0.275788
595  0.276568
596  0.277352
597  0.278139
598  0.278931
599  0.279726
600  0.280525
601  0.281327
602  0.282134
603  0.282944
604  0.283759
605  0.284577
606  0.285399
607  0.286226
608  0.287056
609  0.26415
610  0.264874
611  0.265602
612  0.266334
613  0.267069
614  0.267808
615  0.26855
616  0.269295
617  0.270044
618  0.270797
619  0.271553
620  0.272313
621  0.273077
622  0.273844
623  0.274614
624  0.275389
625  0.276167
626  0.276949
627  0.277735
628  0.278524
629  0.279317
630  0.280114
631  0.280915
632  0.28172
633  0.282528
634  0.283341
635  0.284157
636  0.284977
637  0.285801
638  0.28663
639  0.287462
640  0.288298
641  0.265228
642  0.265958
643  0.266691
644  0.267428
645  0.268168
646  0.268912
647  0.269659
648  0.27041
649  0.271165
650  0.271923
651  0.272684
652  0.27345
653  0.274219
654  0.274991
655  0.275767
656  0.276547
657  0.277331
658  0.278119
659  0.27891
660  0.279705
661  0.280504
662  0.281306
663  0.282113
664  0.282923
665  0.283738
666  0.284556
667  0.285378
668  0.286204
669  0.287034
670  0.287868
671  0.288707
672  0.289548
673  0.266315
674  0.26705
675  0.267788
676  0.26853
677  0.269276
678  0.270025
679  0.270777
680  0.271533
681  0.272293
682  0.273057
683  0.273824
684  0.274594
685  0.275369
686  0.276147
687  0.276929
688  0.277714
689  0.278504
690  0.279297
691  0.280093
692  0.280894
693  0.281699
694  0.282507
695  0.283319
696  0.284136
697  0.284956
698  0.28578
699  0.286608
700  0.28744
701  0.288276
702  0.289116
703  0.28996
704  0.290808
705  0.267409
706  0.268149
707  0.268893
708  0.26964
709  0.270391
710  0.271145
711  0.271903
712  0.272665
713  0.27343
714  0.274199
715  0.274971
716  0.275747
717  0.276527
718  0.277311
719  0.278098
720  0.278889
721  0.279684
722  0.280483
723  0.281286
724  0.282092
725  0.282902
726  0.283716
727  0.284535
728  0.285357
729  0.286183
730  0.287013
731  0.287847
732  0.288685
733  0.289527
734  0.290373
735  0.291223
736  0.292077
737  0.268511
738  0.269256
739  0.270005
740  0.270758
741  0.271514
742  0.272273
743  0.273037
744  0.273804
745  0.274574
746  0.275349
747  0.276127
748  0.276908
749  0.277694
750  0.278483
751  0.279276
752  0.280073
753  0.280873
754  0.281678
755  0.282486
756  0.283298
757  0.284114
758  0.284934
759  0.285758
760  0.286586
761  0.287418
762  0.288254
763  0.289094
764  0.289938
765  0.290786
766  0.291638
767  0.292495
768  0.293355
769  0.269621
770  0.270371
771  0.271126
772  0.271883
773  0.272645
774  0.27341
775  0.274179
776  0.274951
777  0.275727
778  0.276507
779  0.27729
780  0.278078
781  0.278869
782  0.279664
783  0.280462
784  0.281265
785  0.282071
786  0.282881
787  0.283695
788  0.284513
789  0.285335
790  0.286161
791  0.286991
792  0.287825
793  0.288663
794  0.289505
795  0.290351
796  0.291201
797  0.292055
798  0.292913
799  0.293776
800  0.294642
801  0.270738
802  0.271494
803  0.272254
804  0.273017
805  0.273784
806  0.274554
807  0.275328
808  0.276106
809  0.276888
810  0.277673
811  0.278462
812  0.279255
813  0.280052
814  0.280852
815  0.281657
816  0.282465
817  0.283277
818  0.284093
819  0.284913
820  0.285737
821  0.286565
822  0.287397
823  0.288233
824  0.289072
825  0.289916
826  0.290764
827  0.291616
828  0.292472
829  0.293333
830  0.294197
831  0.295066
832  0.295939
833  0.271864
834  0.272625
835  0.27339
836  0.274159
837  0.274931
838  0.275707
839  0.276487
840  0.27727
841  0.278057
842  0.278848
843  0.279643
844  0.280441
845  0.281244
846  0.28205
847  0.28286
848  0.283674
849  0.284492
850  0.285314
851  0.28614
852  0.286969
853  0.287803
854  0.288641
855  0.289483
856  0.290329
857  0.291179
858  0.292033
859  0.292891
860  0.293753
861  0.29462
862  0.29549
863  0.296365
864  0.297244
865  0.272997
866  0.273764
867  0.274534
868  0.275308
869  0.276086
870  0.276868
871  0.277653
872  0.278442
873  0.279235
874  0.280031
875  0.280832
876  0.281636
877  0.282444
878  0.283256
879  0.284072
880  0.284892
881  0.285716
882  0.286543
883  0.287375
884  0.288211
885  0.289051
886  0.289894
887  0.290742
888  0.291594
889  0.29245
890  0.29331
891  0.294175
892  0.295043
893  0.295916
894  0.296793
895  0.297674
896  0.298559
897  0.274139
898  0.274911
899  0.275687
900  0.276466
901  0.27725
902  0.278037
903  0.278828
904  0.279622
905  0.280421
906  0.281223
907  0.282029
908  0.282839
909  0.283653
910  0.284471
911  0.285293
912  0.286118
913  0.286948
914  0.287782
915  0.288619
916  0.289461
917  0.290307
918  0.291157
919  0.292011
920  0.292869
921  0.293731
922  0.294597
923  0.295468
924  0.296342
925  0.297221
926  0.298105
927  0.298992
928  0.299884
929  0.275288
930  0.276066
931  0.276847
932  0.277632
933  0.278421
934  0.279214
935  0.280011
936  0.280811
937  0.281615
938  0.282423
939  0.283235
940  0.284051
941  0.284871
942  0.285694
943  0.286522
944  0.287353
945  0.288189
946  0.289029
947  0.289872
948  0.29072
949  0.291572
950  0.292428
951  0.293288
952  0.294152
953  0.295021
954  0.295893
955  0.29677
956  0.297651
957  0.298536
958  0.299426
959  0.30032
960  0.301218
961  0.276446
962  0.277229
963  0.278016
964  0.278807
965  0.279602
966  0.2804
967  0.281202
968  0.282008
969  0.282818
970  0.283632
971  0.28445
972  0.285271
973  0.286097
974  0.286926
975  0.28776
976  0.288598
977  0.289439
978  0.290285
979  0.291135
980  0.291988
981  0.292846
982  0.293708
983  0.294575
984  0.295445
985  0.29632
986  0.297199
987  0.298082
988  0.298969
989  0.299861
990  0.300757
991  0.301657
992  0.302561
993  0.277612
994  0.278401
995  0.279193
996  0.27999
997  0.28079
998  0.281594
999  0.282402
1000  0.283214
1001  0.28403
1002  0.284849
1003  0.285673
1004  0.2865
1005  0.287332
1006  0.288167
1007  0.289007
1008  0.28985
1009  0.290698
1010  0.29155
1011  0.292406
1012  0.293266
1013  0.29413
1014  0.294998
1015  0.295871
1016  0.296747
1017  0.297628
1018  0.298513
1019  0.299403
1020  0.300296
1021  0.301194
1022  0.302097
1023  0.303003
1024  0.303914
1025  0.278786
1026  0.279581
1027  0.280379
1028  0.281181
1029  0.281987
1030  0.282797
1031  0.283611
1032  0.284428
1033  0.28525
1034  0.286075
1035  0.286905
1036  0.287738
1037  0.288576
1038  0.289417
1039  0.290263
1040  0.291112
1041  0.291966
1042  0.292824
1043  0.293686
1044  0.294552
1045  0.295422
1046  0.296297
1047  0.297176
1048  0.298059
1049  0.298946
1050  0.299837
1051  0.300733
1052  0.301633
1053  0.302538
1054  0.303447
1055  0.30436
1056  0.305277
1057  0.279969
1058  0.280769
1059  0.281573
1060  0.282381
1061  0.283193
1062  0.284008
1063  0.284828
1064  0.285651
1065  0.286479
1066  0.28731
1067  0.288146
1068  0.288985
1069  0.289829
1070  0.290676
1071  0.291528
1072  0.292383
1073  0.293243
1074  0.294107
1075  0.294976
1076  0.295848
1077  0.296724
1078  0.297605
1079  0.29849
1080  0.29938
1081  0.300273
1082  0.301171
1083  0.302073
1084  0.30298
1085  0.303891
1086  0.304806
1087  0.305726
1088  0.30665
1089  0.28116
1090  0.281966
1091  0.282776
1092  0.28359
1093  0.284407
1094  0.285228
1095  0.286054
1096  0.286883
1097  0.287717
1098  0.288554
1099  0.289395
1100  0.290241
1101  0.29109
1102  0.291944
1103  0.292802
1104  0.293664
1105  0.29453
1106  0.2954
1107  0.296274
1108  0.297153
1109  0.298036
1110  0.298923
1111  0.299814
1112  0.30071
1113  0.30161
1114  0.302514
1115  0.303423
1116  0.304336
1117  0.305254
1118  0.306175
1119  0.307102
1120  0.308033
1121  0.28236
1122  0.283172
1123  0.283987
1124  0.284807
1125  0.28563
1126  0.286457
1127  0.287289
1128  0.288124
1129  0.288963
1130  0.289807
1131  0.290654
1132  0.291506
1133  0.292361
1134  0.293221
1135  0.294085
1136  0.294953
1137  0.295825
1138  0.296702
1139  0.297582
1140  0.298467
1141  0.299356
1142  0.30025
1143  0.301148
1144  0.30205
1145  0.302956
1146  0.303867
1147  0.304782
1148  0.305702
1149  0.306626
1150  0.307555
1151  0.308488
1152  0.309425
1153  0.283568
1154  0.284386
1155  0.285207
1156  0.286032
1157  0.286862
1158  0.287695
1159  0.288532
1160  0.289373
1161  0.290219
1162  0.291068
1163  0.291922
1164  0.292779
1165  0.293641
1166  0.294507
1167  0.295377
1168  0.296252
1169  0.29713
1170  0.298013
1171  0.2989
1172  0.299791
1173  0.300687
1174  0.301587
1175  0.302491
1176  0.303399
1177  0.304312
1178  0.30523
1179  0.306151
1180  0.307078
1181  0.308008
1182  0.308944
1183  0.309883
1184  0.310827
1185  0.284785
1186  0.285609
1187  0.286436
1188  0.287267
1189  0.288102
1190  0.288941
1191  0.289785
1192  0.290632
1193  0.291483
1194  0.292339
1195  0.293199
1196  0.294062
1197  0.29493
1198  0.295802
1199  0.296679
1200  0.297559
1201  0.298444
1202  0.299333
1203  0.300227
1204  0.301124
1205  0.302026
1206  0.302933
1207  0.303843
1208  0.304759
1209  0.305678
1210  0.306602
1211  0.30753
1212  0.308463
1213  0.309401
1214  0.310343
1215  0.311289
1216  0.31224
1217  0.286011
1218  0.28684
1219  0.287673
1220  0.28851
1221  0.289352
1222  0.290197
1223  0.291046
1224  0.2919
1225  0.292757
1226  0.293619
1227  0.294485
1228  0.295355
1229  0.296229
1230  0.297107
1231  0.29799
1232  0.298877
1233  0.299768
1234  0.300663
1235  0.301563
1236  0.302467
1237  0.303376
1238  0.304289
1239  0.305206
1240  0.306127
1241  0.307054
1242  0.307984
1243  0.308919
1244  0.309859
1245  0.310803
1246  0.311752
1247  0.312705
1248  0.313662
1249  0.287245
1250  0.288081
1251  0.28892
1252  0.289763
1253  0.29061
1254  0.291461
1255  0.292317
1256  0.293176
1257  0.29404
1258  0.294908
1259  0.29578
1260  0.296656
1261  0.297536
1262  0.298421
1263  0.29931
1264  0.300203
1265  0.301101
1266  0.302003
1267  0.302909
1268  0.30382
1269  0.304735
1270  0.305654
1271  0.306578
1272  0.307506
1273  0.308439
1274  0.309376
1275  0.310318
1276  0.311264
1277  0.312215
1278  0.313171
1279  0.314131
1280  0.315095
1281  0.288489
1282  0.28933
1283  0.290175
1284  0.291024
1285  0.291877
1286  0.292735
1287  0.293596
1288  0.294462
1289  0.295332
1290  0.296206
1291  0.297084
1292  0.297967
1293  0.298854
1294  0.299745
1295  0.30064
1296  0.30154
1297  0.302444
1298  0.303352
1299  0.304265
1300  0.305182
1301  0.306103
1302  0.30703
1303  0.30796
1304  0.308895
1305  0.309834
1306  0.310778
1307  0.311727
1308  0.31268
1309  0.313638
1310  0.3146
1311  0.315567
1312  0.316538
1313  0.289741
1314  0.290588
1315  0.291439
1316  0.292294
1317  0.293154
1318  0.294017
1319  0.294885
1320  0.295757
1321  0.296633
1322  0.297514
1323  0.298398
1324  0.299287
1325  0.30018
1326  0.301078
1327  0.301979
1328  0.302886
1329  0.303796
1330  0.304711
1331  0.30563
1332  0.306554
1333  0.307482
1334  0.308415
1335  0.309352
1336  0.310294
1337  0.31124
1338  0.31219
1339  0.313146
1340  0.314106
1341  0.31507
1342  0.316039
1343  0.317013
1344  0.317991
1345  0.291002
1346  0.291855
1347  0.292712
1348  0.293574
1349  0.294439
1350  0.295309
1351  0.296183
1352  0.297061
1353  0.297944
1354  0.298831
1355  0.299721
1356  0.300617
1357  0.301516
1358  0.30242
1359  0.303329
1360  0.304241
1361  0.305158
1362  0.30608
1363  0.307006
1364  0.307936
1365  0.308871
1366  0.30981
1367  0.310754
1368  0.311702
1369  0.312655
1370  0.313613
1371  0.314575
1372  0.315541
1373  0.316513
1374  0.317489
1375  0.318469
1376  0.319455
1377  0.292272
1378  0.293131
1379  0.293995
1380  0.294863
1381  0.295734
1382  0.29661
1383  0.297491
1384  0.298375
1385  0.299264
1386  0.300157
1387  0.301054
1388  0.301956
1389  0.302862
1390  0.303773
1391  0.304687
1392  0.305606
1393  0.30653
1394  0.307458
1395  0.308391
1396  0.309328
1397  0.310269
1398  0.311215
1399  0.312166
1400  0.313121
1401  0.314081
1402  0.315045
1403  0.316014
1404  0.316987
1405  0.317966
1406  0.318949
1407  0.319936
1408  0.320929
1409  0.293551
1410  0.294417
1411  0.295287
1412  0.296161
1413  0.297039
1414  0.297921
1415  0.298808
1416  0.299698
1417  0.300593
1418  0.301493
1419  0.302397
1420  0.303305
1421  0.304217
1422  0.305134
1423  0.306056
1424  0.306981
1425  0.307912
1426  0.308846
1427  0.309785
1428  0.310729
1429  0.311678
1430  0.31263
1431  0.313588
1432  0.31455
1433  0.315516
1434  0.316487
1435  0.317463
1436  0.318444
1437  0.319429
1438  0.320419
1439  0.321414
1440  0.322413
