1  0.312816
2  0.31366
3  0.314507
4  0.315358
5  0.316213
6  0.317072
7  0.317935
8  0.318802
9  0.319673
10  0.320548
11  0.321427
12  0.32231
13  0.323197
14  0.324088
15  0.324983
16  0.325883
17  0.326787
18  0.327694
19  0.328606
20  0.329523
21  0.330443
22  0.331368
23  0.332297
24  0.333231
25  0.334169
26  0.335111
27  0.336058
28  0.337009
29  0.337965
30  0.338924
31  0.339889
32  0.340858
33  0.314072
34  0.314921
35  0.315774
36  0.316631
37  0.317492
38  0.318357
39  0.319226
40  0.320098
41  0.320975
42  0.321856
43  0.322741
44  0.32363
45  0.324524
46  0.325421
47  0.326322
48  0.327228
49  0.328138
50  0.329052
51  0.329971
52  0.330893
53  0.33182
54  0.332752
55  0.333687
56  0.334627
57  0.335572
58  0.33652
59  0.337474
60  0.338432
61  0.339394
62  0.34036
63  0.341332
64  0.342308
65  0.315336
66  0.316191
67  0.31705
68  0.317913
69  0.318779
70  0.31965
71  0.320525
72  0.321404
73  0.322287
74  0.323174
75  0.324065
76  0.32496
77  0.32586
78  0.326763
79  0.327671
80  0.328583
81  0.329499
82  0.33042
83  0.331344
84  0.332273
85  0.333207
86  0.334144
87  0.335087
88  0.336033
89  0.336984
90  0.33794
91  0.3389
92  0.339864
93  0.340833
94  0.341806
95  0.342784
96  0.343767
97  0.316609
98  0.317469
99  0.318334
100  0.319203
101  0.320076
102  0.320953
103  0.321833
104  0.322718
105  0.323607
106  0.3245
107  0.325398
108  0.326299
109  0.327205
110  0.328114
111  0.329028
112  0.329947
113  0.330869
114  0.331796
115  0.332727
116  0.333663
117  0.334603
118  0.335547
119  0.336496
120  0.337449
121  0.338407
122  0.339369
123  0.340335
124  0.341307
125  0.342282
126  0.343263
127  0.344247
128  0.345237
129  0.31789
130  0.318757
131  0.319627
132  0.320502
133  0.321381
134  0.322264
135  0.323151
136  0.324042
137  0.324937
138  0.325836
139  0.326739
140  0.327647
141  0.328559
142  0.329475
143  0.330396
144  0.33132
145  0.332249
146  0.333183
147  0.33412
148  0.335062
149  0.336009
150  0.33696
151  0.337915
152  0.338875
153  0.339839
154  0.340808
155  0.341781
156  0.342759
157  0.343742
158  0.344729
159  0.345721
160  0.346717
161  0.31918
162  0.320053
163  0.32093
164  0.32181
165  0.322695
166  0.323584
167  0.324477
168  0.325374
169  0.326276
170  0.327181
171  0.328091
172  0.329005
173  0.329923
174  0.330845
175  0.331772
176  0.332703
177  0.333639
178  0.334578
179  0.335523
180  0.336471
181  0.337424
182  0.338382
183  0.339344
184  0.34031
185  0.341281
186  0.342257
187  0.343237
188  0.344222
189  0.345211
190  0.346205
191  0.347204
192  0.348208
193  0.32048
194  0.321358
195  0.322241
196  0.323128
197  0.324018
198  0.324914
199  0.325813
200  0.326716
201  0.327623
202  0.328535
203  0.329451
204  0.330372
205  0.331296
206  0.332225
207  0.333158
208  0.334096
209  0.335038
210  0.335984
211  0.336935
212  0.33789
213  0.33885
214  0.339814
215  0.340783
216  0.341756
217  0.342734
218  0.343716
219  0.344703
220  0.345695
221  0.346691
222  0.347692
223  0.348698
224  0.349708
225  0.321788
226  0.322672
227  0.323561
228  0.324454
229  0.325351
230  0.326252
231  0.327157
232  0.328067
233  0.328981
234  0.329899
235  0.330821
236  0.331748
237  0.332679
238  0.333614
239  0.334554
240  0.335498
241  0.336447
242  0.3374
243  0.338357
244  0.339319
245  0.340285
246  0.341256
247  0.342231
248  0.343212
249  0.344196
250  0.345186
251  0.346179
252  0.347178
253  0.348181
254  0.34919
255  0.350202
256  0.35122
257  0.323105
258  0.323995
259  0.32489
260  0.325789
261  0.326693
262  0.3276
263  0.328512
264  0.329427
265  0.330348
266  0.331272
267  0.332201
268  0.333134
269  0.334071
270  0.335013
271  0.335959
272  0.33691
273  0.337865
274  0.338825
275  0.339789
276  0.340757
277  0.341731
278  0.342708
279  0.343691
280  0.344677
281  0.345669
282  0.346665
283  0.347666
284  0.348672
285  0.349682
286  0.350697
287  0.351717
288  0.352742
289  0.32443
290  0.325328
291  0.326229
292  0.327134
293  0.328043
294  0.328957
295  0.329875
296  0.330797
297  0.331724
298  0.332655
299  0.33359
300  0.33453
301  0.335473
302  0.336422
303  0.337375
304  0.338332
305  0.339294
306  0.34026
307  0.341231
308  0.342206
309  0.343186
310  0.344171
311  0.34516
312  0.346154
313  0.347152
314  0.348155
315  0.349163
316  0.350176
317  0.351193
318  0.352216
319  0.353243
320  0.354275
321  0.325766
322  0.326669
323  0.327576
324  0.328488
325  0.329404
326  0.330324
327  0.331248
328  0.332177
329  0.33311
330  0.334047
331  0.334989
332  0.335935
333  0.336885
334  0.33784
335  0.3388
336  0.339764
337  0.340732
338  0.341705
339  0.342683
340  0.343665
341  0.344652
342  0.345643
343  0.346639
344  0.34764
345  0.348646
346  0.349656
347  0.350671
348  0.351691
349  0.352715
350  0.353745
351  0.354779
352  0.355818
353  0.32711
354  0.32802
355  0.328934
356  0.329851
357  0.330773
358  0.3317
359  0.33263
360  0.333565
361  0.334505
362  0.335449
363  0.336397
364  0.33735
365  0.338307
366  0.339269
367  0.340235
368  0.341205
369  0.342181
370  0.343161
371  0.344145
372  0.345134
373  0.346128
374  0.347126
375  0.348129
376  0.349137
377  0.35015
378  0.351167
379  0.352189
380  0.353216
381  0.354248
382  0.355285
383  0.356326
384  0.357373
385  0.328464
386  0.32938
387  0.3303
388  0.331224
389  0.332152
390  0.333085
391  0.334023
392  0.334964
393  0.33591
394  0.336861
395  0.337816
396  0.338775
397  0.339739
398  0.340707
399  0.34168
400  0.342657
401  0.343639
402  0.344626
403  0.345618
404  0.346613
405  0.347614
406  0.34862
407  0.34963
408  0.350644
409  0.351664
410  0.352689
411  0.353718
412  0.354752
413  0.355791
414  0.356835
415  0.357884
416  0.358938
417  0.329827
418  0.330749
419  0.331676
420  0.332606
421  0.333541
422  0.334481
423  0.335424
424  0.336372
425  0.337325
426  0.338282
427  0.339244
428  0.34021
429  0.34118
430  0.342155
431  0.343135
432  0.344119
433  0.345108
434  0.346102
435  0.3471
436  0.348103
437  0.349111
438  0.350123
439  0.351141
440  0.352162
441  0.353189
442  0.354221
443  0.355258
444  0.356299
445  0.357345
446  0.358396
447  0.359453
448  0.360514
449  0.3312
450  0.332128
451  0.333061
452  0.333998
453  0.33494
454  0.335886
455  0.336836
456  0.337791
457  0.33875
458  0.339714
459  0.340682
460  0.341655
461  0.342632
462  0.343614
463  0.344601
464  0.345592
465  0.346588
466  0.347588
467  0.348593
468  0.349603
469  0.350618
470  0.351638
471  0.352662
472  0.353691
473  0.354725
474  0.355764
475  0.356808
476  0.357857
477  0.35891
478  0.359969
479  0.361033
480  0.362101
481  0.332582
482  0.333517
483  0.334456
484  0.3354
485  0.336348
486  0.337301
487  0.338257
488  0.339219
489  0.340185
490  0.341155
491  0.34213
492  0.34311
493  0.344094
494  0.345083
495  0.346076
496  0.347074
497  0.348077
498  0.349085
499  0.350097
500  0.351114
501  0.352136
502  0.353163
503  0.354194
504  0.355231
505  0.356272
506  0.357318
507  0.358369
508  0.359425
509  0.360487
510  0.361553
511  0.362624
512  0.3637
513  0.333974
514  0.334915
515  0.335861
516  0.336811
517  0.337766
518  0.338725
519  0.339688
520  0.340657
521  0.341629
522  0.342607
523  0.343588
524  0.344575
525  0.345566
526  0.346562
527  0.347562
528  0.348567
529  0.349577
530  0.350592
531  0.351611
532  0.352635
533  0.353664
534  0.354698
535  0.355737
536  0.356781
537  0.357829
538  0.358883
539  0.359942
540  0.361005
541  0.362074
542  0.363147
543  0.364226
544  0.36531
545  0.335375
546  0.336323
547  0.337276
548  0.338232
549  0.339194
550  0.340159
551  0.34113
552  0.342105
553  0.343084
554  0.344068
555  0.345057
556  0.34605
557  0.347048
558  0.348051
559  0.349059
560  0.350071
561  0.351088
562  0.352109
563  0.353136
564  0.354167
565  0.355204
566  0.356245
567  0.357291
568  0.358342
569  0.359398
570  0.360459
571  0.361525
572  0.362596
573  0.363672
574  0.364753
575  0.36584
576  0.366931
577  0.336787
578  0.337741
579  0.3387
580  0.339663
581  0.340632
582  0.341604
583  0.342581
584  0.343563
585  0.344549
586  0.34554
587  0.346536
588  0.347536
589  0.348541
590  0.349551
591  0.350565
592  0.351585
593  0.352609
594  0.353638
595  0.354671
596  0.35571
597  0.356754
598  0.357802
599  0.358856
600  0.359914
601  0.360977
602  0.362046
603  0.363119
604  0.364198
605  0.365281
606  0.36637
607  0.367464
608  0.368563
609  0.338208
610  0.339169
611  0.340134
612  0.341105
613  0.342079
614  0.343059
615  0.344043
616  0.345031
617  0.346024
618  0.347022
619  0.348025
620  0.349032
621  0.350044
622  0.351061
623  0.352083
624  0.353109
625  0.35414
626  0.355177
627  0.356218
628  0.357264
629  0.358314
630  0.35937
631  0.360431
632  0.361497
633  0.362568
634  0.363644
635  0.364725
636  0.365811
637  0.366902
638  0.367999
639  0.3691
640  0.370207
641  0.339639
642  0.340606
643  0.341579
644  0.342556
645  0.343537
646  0.344524
647  0.345514
648  0.34651
649  0.34751
650  0.348515
651  0.349525
652  0.350539
653  0.351558
654  0.352582
655  0.353611
656  0.354644
657  0.355683
658  0.356727
659  0.357775
660  0.358828
661  0.359886
662  0.36095
663  0.362018
664  0.363092
665  0.36417
666  0.365253
667  0.366342
668  0.367436
669  0.368535
670  0.369639
671  0.370748
672  0.371863
673  0.34108
674  0.342054
675  0.343033
676  0.344017
677  0.345006
678  0.345999
679  0.346996
680  0.347999
681  0.349006
682  0.350018
683  0.351035
684  0.352056
685  0.353082
686  0.354114
687  0.35515
688  0.356191
689  0.357237
690  0.358287
691  0.359343
692  0.360404
693  0.361469
694  0.36254
695  0.363616
696  0.364697
697  0.365783
698  0.366874
699  0.36797
700  0.369072
701  0.370179
702  0.37129
703  0.372408
704  0.37353
705  0.34253
706  0.343512
707  0.344498
708  0.345489
709  0.346484
710  0.347484
711  0.348489
712  0.349498
713  0.350513
714  0.351532
715  0.352555
716  0.353584
717  0.354618
718  0.355656
719  0.356699
720  0.357748
721  0.358801
722  0.359859
723  0.360922
724  0.36199
725  0.363064
726  0.364142
727  0.365225
728  0.366314
729  0.367407
730  0.368506
731  0.36961
732  0.370719
733  0.371834
734  0.372954
735  0.374079
736  0.375209
737  0.343992
738  0.34498
739  0.345973
740  0.34697
741  0.347973
742  0.34898
743  0.349992
744  0.351008
745  0.35203
746  0.353056
747  0.354087
748  0.355123
749  0.356163
750  0.357209
751  0.35826
752  0.359315
753  0.360376
754  0.361442
755  0.362512
756  0.363588
757  0.364669
758  0.365755
759  0.366846
760  0.367942
761  0.369043
762  0.37015
763  0.371261
764  0.372379
765  0.373501
766  0.374629
767  0.375761
768  0.3769
769  0.345463
770  0.346458
771  0.347458
772  0.348463
773  0.349472
774  0.350486
775  0.351505
776  0.352529
777  0.353557
778  0.354591
779  0.355629
780  0.356672
781  0.35772
782  0.358773
783  0.359831
784  0.360894
785  0.361962
786  0.363036
787  0.364114
788  0.365197
789  0.366285
790  0.367379
791  0.368478
792  0.369581
793  0.370691
794  0.371805
795  0.372924
796  0.374049
797  0.37518
798  0.376315
799  0.377456
800  0.378602
801  0.346944
802  0.347947
803  0.348954
804  0.349965
805  0.350982
806  0.352003
807  0.353029
808  0.35406
809  0.355096
810  0.356137
811  0.357182
812  0.358233
813  0.359288
814  0.360348
815  0.361414
816  0.362484
817  0.36356
818  0.364641
819  0.365726
820  0.366817
821  0.367913
822  0.369015
823  0.370121
824  0.371233
825  0.37235
826  0.373472
827  0.374599
828  0.375732
829  0.37687
830  0.378014
831  0.379162
832  0.380317
833  0.348437
834  0.349446
835  0.35046
836  0.351479
837  0.352502
838  0.353531
839  0.354564
840  0.355602
841  0.356645
842  0.357693
843  0.358746
844  0.359804
845  0.360867
846  0.361935
847  0.363008
848  0.364086
849  0.365169
850  0.366257
851  0.36735
852  0.368449
853  0.369553
854  0.370662
855  0.371776
856  0.372895
857  0.37402
858  0.37515
859  0.376286
860  0.377426
861  0.378572
862  0.379724
863  0.380881
864  0.382043
865  0.349939
866  0.350955
867  0.351977
868  0.353002
869  0.354033
870  0.355069
871  0.356109
872  0.357155
873  0.358205
874  0.359261
875  0.360321
876  0.361386
877  0.362457
878  0.363532
879  0.364613
880  0.365698
881  0.366789
882  0.367885
883  0.368986
884  0.370092
885  0.371204
886  0.372321
887  0.373443
888  0.37457
889  0.375702
890  0.376841
891  0.377984
892  0.379133
893  0.380287
894  0.381446
895  0.382612
896  0.383782
897  0.351452
898  0.352476
899  0.353504
900  0.354537
901  0.355575
902  0.356618
903  0.357666
904  0.358719
905  0.359776
906  0.360839
907  0.361907
908  0.36298
909  0.364058
910  0.365141
911  0.366229
912  0.367322
913  0.36842
914  0.369524
915  0.370633
916  0.371747
917  0.372866
918  0.373991
919  0.375121
920  0.376256
921  0.377397
922  0.378543
923  0.379694
924  0.380851
925  0.382013
926  0.383181
927  0.384354
928  0.385533
929  0.352976
930  0.354006
931  0.355042
932  0.356082
933  0.357128
934  0.358178
935  0.359233
936  0.360293
937  0.361359
938  0.362429
939  0.363504
940  0.364585
941  0.36567
942  0.366761
943  0.367856
944  0.368957
945  0.370063
946  0.371175
947  0.372292
948  0.373413
949  0.374541
950  0.375673
951  0.376811
952  0.377954
953  0.379103
954  0.380257
955  0.381416
956  0.382581
957  0.383752
958  0.384928
959  0.386109
960  0.387296
961  0.35451
962  0.355548
963  0.356591
964  0.357639
965  0.358691
966  0.359749
967  0.360812
968  0.361879
969  0.362952
970  0.36403
971  0.365113
972  0.3662
973  0.367294
974  0.368392
975  0.369495
976  0.370604
977  0.371718
978  0.372837
979  0.373962
980  0.375091
981  0.376227
982  0.377367
983  0.378513
984  0.379664
985  0.380821
986  0.381983
987  0.383151
988  0.384324
989  0.385502
990  0.386687
991  0.387876
992  0.389072
993  0.356055
994  0.3571
995  0.358151
996  0.359206
997  0.360266
998  0.361331
999  0.362401
1000  0.363476
1001  0.364556
1002  0.365642
1003  0.366732
1004  0.367828
1005  0.368929
1006  0.370035
1007  0.371146
1008  0.372262
1009  0.373384
1010  0.374511
1011  0.375644
1012  0.376781
1013  0.377924
1014  0.379073
1015  0.380227
1016  0.381386
1017  0.382551
1018  0.383721
1019  0.384897
1020  0.386078
1021  0.387265
1022  0.388458
1023  0.389656
1024  0.390859
1025  0.357611
1026  0.358664
1027  0.359721
1028  0.360784
1029  0.361851
1030  0.362924
1031  0.364002
1032  0.365084
1033  0.366172
1034  0.367265
1035  0.368363
1036  0.369467
1037  0.370575
1038  0.371689
1039  0.372808
1040  0.373932
1041  0.375062
1042  0.376197
1043  0.377337
1044  0.378483
1045  0.379634
1046  0.380791
1047  0.381953
1048  0.38312
1049  0.384293
1050  0.385472
1051  0.386656
1052  0.387845
1053  0.389041
1054  0.390241
1055  0.391448
1056  0.39266
1057  0.359178
1058  0.360238
1059  0.361303
1060  0.362373
1061  0.363448
1062  0.364528
1063  0.365613
1064  0.366704
1065  0.367799
1066  0.3689
1067  0.370006
1068  0.371117
1069  0.372234
1070  0.373355
1071  0.374482
1072  0.375614
1073  0.376752
1074  0.377895
1075  0.379043
1076  0.380197
1077  0.381356
1078  0.382521
1079  0.383691
1080  0.384867
1081  0.386048
1082  0.387234
1083  0.388427
1084  0.389625
1085  0.390828
1086  0.392037
1087  0.393252
1088  0.394473
1089  0.360756
1090  0.361824
1091  0.362896
1092  0.363974
1093  0.365056
1094  0.366144
1095  0.367237
1096  0.368335
1097  0.369438
1098  0.370546
1099  0.37166
1100  0.372779
1101  0.373903
1102  0.375033
1103  0.376168
1104  0.377308
1105  0.378453
1106  0.379604
1107  0.380761
1108  0.381923
1109  0.38309
1110  0.384263
1111  0.385441
1112  0.386625
1113  0.387814
1114  0.389009
1115  0.39021
1116  0.391416
1117  0.392628
1118  0.393846
1119  0.395069
1120  0.396298
1121  0.362345
1122  0.36342
1123  0.3645
1124  0.365585
1125  0.366675
1126  0.367771
1127  0.368871
1128  0.369977
1129  0.371088
1130  0.372204
1131  0.373326
1132  0.374453
1133  0.375585
1134  0.376722
1135  0.377865
1136  0.379013
1137  0.380167
1138  0.381326
1139  0.382491
1140  0.38366
1141  0.384836
1142  0.386017
1143  0.387204
1144  0.388396
1145  0.389594
1146  0.390797
1147  0.392006
1148  0.393221
1149  0.394441
1150  0.395667
1151  0.396899
1152  0.398137
1153  0.363946
1154  0.365028
1155  0.366116
1156  0.367208
1157  0.368306
1158  0.369409
1159  0.370517
1160  0.371631
1161  0.37275
1162  0.373874
1163  0.375003
1164  0.376138
1165  0.377278
1166  0.378424
1167  0.379574
1168  0.380731
1169  0.381892
1170  0.383059
1171  0.384232
1172  0.38541
1173  0.386594
1174  0.387784
1175  0.388978
1176  0.390179
1177  0.391385
1178  0.392597
1179  0.393814
1180  0.395037
1181  0.396266
1182  0.397501
1183  0.398742
1184  0.399988
1185  0.365557
1186  0.366647
1187  0.367742
1188  0.368843
1189  0.369948
1190  0.371059
1191  0.372175
1192  0.373297
1193  0.374423
1194  0.375555
1195  0.376693
1196  0.377835
1197  0.378983
1198  0.380137
1199  0.381296
1200  0.38246
1201  0.38363
1202  0.384805
1203  0.385986
1204  0.387173
1205  0.388365
1206  0.389562
1207  0.390766
1208  0.391975
1209  0.393189
1210  0.394409
1211  0.395635
1212  0.396867
1213  0.398104
1214  0.399348
1215  0.400597
1216  0.401851
1217  0.36718
1218  0.368278
1219  0.369381
1220  0.370489
1221  0.371602
1222  0.372721
1223  0.373845
1224  0.374974
1225  0.376109
1226  0.377248
1227  0.378394
1228  0.379545
1229  0.380701
1230  0.381862
1231  0.383029
1232  0.384202
1233  0.38538
1234  0.386563
1235  0.387753
1236  0.388947
1237  0.390148
1238  0.391354
1239  0.392565
1240  0.393783
1241  0.395006
1242  0.396234
1243  0.397469
1244  0.398709
1245  0.399955
1246  0.401207
1247  0.402465
1248  0.403728
1249  0.368814
1250  0.36992
1251  0.37103
1252  0.372146
1253  0.373268
1254  0.374394
1255  0.375526
1256  0.376663
1257  0.377806
1258  0.378953
1259  0.380107
1260  0.381266
1261  0.38243
1262  0.3836
1263  0.384775
1264  0.385956
1265  0.387142
1266  0.388334
1267  0.389531
1268  0.390734
1269  0.391943
1270  0.393158
1271  0.394378
1272  0.395603
1273  0.396835
1274  0.398072
1275  0.399315
1276  0.400564
1277  0.401819
1278  0.403079
1279  0.404346
1280  0.405618
1281  0.37046
1282  0.371573
1283  0.372692
1284  0.373816
1285  0.374945
1286  0.376079
1287  0.377219
1288  0.378364
1289  0.379514
1290  0.38067
1291  0.381832
1292  0.382999
1293  0.384171
1294  0.385349
1295  0.386533
1296  0.387722
1297  0.388916
1298  0.390116
1299  0.391322
1300  0.392534
1301  0.393751
1302  0.394974
1303  0.396203
1304  0.397437
1305  0.398677
1306  0.399923
1307  0.401174
1308  0.402432
1309  0.403695
1310  0.404964
1311  0.40624
1312  0.407521
1313  0.372117
1314  0.373238
1315  0.374365
1316  0.375496
1317  0.376633
1318  0.377776
1319  0.378924
1320  0.380077
1321  0.381236
1322  0.3824
1323  0.383569
1324  0.384744
1325  0.385925
1326  0.387111
1327  0.388303
1328  0.3895
1329  0.390703
1330  0.391912
1331  0.393126
1332  0.394346
1333  0.395571
1334  0.396803
1335  0.39804
1336  0.399283
1337  0.400532
1338  0.401786
1339  0.403047
1340  0.404313
1341  0.405585
1342  0.406863
1343  0.408147
1344  0.409436
1345  0.373786
1346  0.374915
1347  0.37605
1348  0.377189
1349  0.378334
1350  0.379485
1351  0.38064
1352  0.381802
1353  0.382969
1354  0.384141
1355  0.385318
1356  0.386502
1357  0.387691
1358  0.388885
1359  0.390085
1360  0.391291
1361  0.392502
1362  0.393719
1363  0.394942
1364  0.396171
1365  0.397405
1366  0.398645
1367  0.39989
1368  0.401142
1369  0.402399
1370  0.403662
1371  0.404932
1372  0.406207
1373  0.407487
1374  0.408774
1375  0.410067
1376  0.411365
1377  0.375467
1378  0.376604
1379  0.377746
1380  0.378894
1381  0.380047
1382  0.381205
1383  0.382369
1384  0.383539
1385  0.384714
1386  0.385894
1387  0.38708
1388  0.388272
1389  0.389469
1390  0.390672
1391  0.39188
1392  0.393094
1393  0.394314
1394  0.39554
1395  0.396771
1396  0.398008
1397  0.399251
1398  0.400499
1399  0.401754
1400  0.403014
1401  0.40428
1402  0.405552
1403  0.40683
1404  0.408113
1405  0.409403
1406  0.410699
1407  0.412
1408  0.413308
1409  0.377159
1410  0.378304
1411  0.379455
1412  0.38061
1413  0.381772
1414  0.382938
1415  0.38411
1416  0.385288
1417  0.386471
1418  0.38766
1419  0.388854
1420  0.390054
1421  0.39126
1422  0.392471
1423  0.393688
1424  0.39491
1425  0.396139
1426  0.397373
1427  0.398612
1428  0.399858
1429  0.401109
1430  0.402367
1431  0.40363
1432  0.404898
1433  0.406173
1434  0.407454
1435  0.408741
1436  0.410033
1437  0.411332
1438  0.412636
1439  0.413947
1440  0.415263
