1 -122.448346 37.780022 0 0.5 800 999
2 -122.448346 37.7809214627867 0 0.5 800 999
3 -122.448346 37.7818209255734 0 0.5 800 999
4 -122.448346 37.7827203883601 0 0.5 800 999
5 -122.448346 37.7836198511468 0 0.5 800 999
6 -122.448346 37.7845193139335 0 0.5 800 999
7 -122.448346 37.7854187767202 0 0.5 800 999
8 -122.448346 37.7863182395069 0 0.5 800 999
9 -122.448346 37.7872177022936 0 0.5 800 999
10 -122.448346 37.7881171650803 0 0.5 800 999
11 -122.448346 37.789016627867 0 0.5 800 999
12 -122.448346 37.7899160906538 0 0.5 800 999
13 -122.448346 37.7908155534405 0 0.5 800 999
14 -122.448346 37.7917150162272 0 0.5 800 999
15 -122.448346 37.7926144790139 0 0.5 800 999
16 -122.448346 37.7935139418006 0 0.5 800 999
17 -122.448346 37.7944134045873 0 0.5 800 999
18 -122.448346 37.795312867374 0 0.5 800 999
19 -122.448346 37.7962123301607 0 0.5 800 999
20 -122.448346 37.7971117929474 0 0.5 800 999
21 -122.448346 37.7980112557341 0 0.5 800 999
22 -122.448346 37.7989107185208 0 0.5 800 999
23 -122.448346 37.7998101813075 0 0.5 800 999
24 -122.448346 37.8007096440942 0 0.5 800 999
25 -122.448346 37.8016091068809 0 0.5 800 999
26 -122.448346 37.8025085696676 0 0.5 800 999
27 -122.448346 37.8034080324543 0 0.5 800 999
28 -122.448346 37.804307495241 0 0.5 800 999
29 -122.448346 37.8052069580277 0 0.5 800 999
30 -122.448346 37.8061064208144 0 0.5 800 999
31 -122.448346 37.8070058836011 0 0.5 800 999
32 -122.448346 37.8079053463878 0 0.5 800 999
33 -122.447207970601 37.780022 0 0.5 800 999
34 -122.447207970601 37.7809214627867 0 0.5 800 999
35 -122.447207970601 37.7818209255734 0 0.5 800 999
36 -122.447207970601 37.7827203883601 0 0.5 800 999
37 -122.447207970601 37.7836198511468 0 0.5 800 999
38 -122.447207970601 37.7845193139335 0 0.5 800 999
39 -122.447207970601 37.7854187767202 0 0.5 800 999
40 -122.447207970601 37.7863182395069 0 0.5 800 999
41 -122.447207970601 37.7872177022936 0 0.5 800 999
42 -122.447207970601 37.7881171650803 0 0.5 800 999
43 -122.447207970601 37.789016627867 0 0.5 800 999
44 -122.447207970601 37.7899160906538 0 0.5 800 999
45 -122.447207970601 37.7908155534405 0 0.5 800 999
46 -122.447207970601 37.7917150162272 0 0.5 800 999
47 -122.447207970601 37.7926144790139 0 0.5 800 999
48 -122.447207970601 37.7935139418006 0 0.5 800 999
49 -122.447207970601 37.7944134045873 0 0.5 800 999
50 -122.447207970601 37.795312867374 0 0.5 800 999
51 -122.447207970601 37.7962123301607 0 0.5 800 999
52 -122.447207970601 37.7971117929474 0 0.5 800 999
53 -122.447207970601 37.7980112557341 0 0.5 800 999
54 -122.447207970601 37.7989107185208 0 0.5 800 999
55 -122.447207970601 37.7998101813075 0 0.5 800 999
56 -122.447207970601 37.8007096440942 0 0.5 800 999
57 -122.447207970601 37.8016091068809 0 0.5 800 999
58 -122.447207970601 37.8025085696676 0 0.5 800 999
59 -122.447207970601 37.8034080324543 0 0.5 800 999
60 -122.447207970601 37.804307495241 0 0.5 800 999
61 -122.447207970601 37.8052069580277 0 0.5 800 999
62 -122.447207970601 37.8061064208144 0 0.5 800 999
63 -122.447207970601 37.8070058836011 0 0.5 800 999
64 -122.447207970601 37.8079053463878 0 0.5 800 999
65 -122.446069941203 37.780022 0 0.5 800 999
66 -122.446069941203 37.7809214627867 0 0.5 800 999
67 -122.446069941203 37.7818209255734 0 0.5 800 999
68 -122.446069941203 37.7827203883601 0 0.5 800 999
69 -122.446069941203 37.7836198511468 0 0.5 800 999
70 -122.446069941203 37.7845193139335 0 0.5 800 999
71 -122.446069941203 37.7854187767202 0 0.5 800 999
72 -122.446069941203 37.7863182395069 0 0.5 800 999
73 -122.446069941203 37.7872177022936 0 0.5 800 999
74 -122.446069941203 37.7881171650803 0 0.5 800 999
75 -122.446069941203 37.789016627867 0 0.5 800 999
76 -122.446069941203 37.7899160906538 0 0.5 800 999
77 -122.446069941203 37.7908155534405 0 0.5 800 999
78 -122.446069941203 37.7917150162272 0 0.5 800 999
79 -122.446069941203 37.7926144790139 0 0.5 800 999
80 -122.446069941203 37.7935139418006 0 0.5 800 999
81 -122.446069941203 37.7944134045873 0 0.5 800 999
82 -122.446069941203 37.795312867374 0 0.5 800 999
83 -122.446069941203 37.7962123301607 0 0.5 800 999
84 -122.446069941203 37.7971117929474 0 0.5 800 999
85 -122.446069941203 37.7980112557341 0 0.5 800 999
86 -122.446069941203 37.7989107185208 0 0.5 800 999
87 -122.446069941203 37.7998101813075 0 0.5 800 999
88 -122.446069941203 37.8007096440942 0 0.5 800 999
89 -122.446069941203 37.8016091068809 0 0.5 800 999
90 -122.446069941203 37.8025085696676 0 0.5 800 999
91 -122.446069941203 37.8034080324543 0 0.5 800 999
92 -122.446069941203 37.804307495241 0 0.5 800 999
93 -122.446069941203 37.8052069580277 0 0.5 800 999
94 -122.446069941203 37.8061064208144 0 0.5 800 999
95 -122.446069941203 37.8070058836011 0 0.5 800 999
96 -122.446069941203 37.8079053463878 0 0.5 800 999
97 -122.444931911804 37.780022 0 0.5 800 999
98 -122.444931911804 37.7809214627867 0 0.5 800 999
99 -122.444931911804 37.7818209255734 0 0.5 800 999
100 -122.444931911804 37.7827203883601 0 0.5 800 999
101 -122.444931911804 37.7836198511468 0 0.5 800 999
102 -122.444931911804 37.7845193139335 0 0.5 800 999
103 -122.444931911804 37.7854187767202 0 0.5 800 999
104 -122.444931911804 37.7863182395069 0 0.5 800 999
105 -122.444931911804 37.7872177022936 0 0.5 800 999
106 -122.444931911804 37.7881171650803 0 0.5 800 999
107 -122.444931911804 37.789016627867 0 0.5 800 999
108 -122.444931911804 37.7899160906538 0 0.5 800 999
109 -122.444931911804 37.7908155534405 0 0.5 800 999
110 -122.444931911804 37.7917150162272 0 0.5 800 999
111 -122.444931911804 37.7926144790139 0 0.5 800 999
112 -122.444931911804 37.7935139418006 0 0.5 800 999
113 -122.444931911804 37.7944134045873 0 0.5 800 999
114 -122.444931911804 37.795312867374 0 0.5 800 999
115 -122.444931911804 37.7962123301607 0 0.5 800 999
116 -122.444931911804 37.7971117929474 0 0.5 800 999
117 -122.444931911804 37.7980112557341 0 0.5 800 999
118 -122.444931911804 37.7989107185208 0 0.5 800 999
119 -122.444931911804 37.7998101813075 0 0.5 800 999
120 -122.444931911804 37.8007096440942 0 0.5 800 999
121 -122.444931911804 37.8016091068809 0 0.5 800 999
122 -122.444931911804 37.8025085696676 0 0.5 800 999
123 -122.444931911804 37.8034080324543 0 0.5 800 999
124 -122.444931911804 37.804307495241 0 0.5 800 999
125 -122.444931911804 37.8052069580277 0 0.5 800 999
126 -122.444931911804 37.8061064208144 0 0.5 800 999
127 -122.444931911804 37.8070058836011 0 0.5 800 999
128 -122.444931911804 37.8079053463878 0 0.5 800 999
129 -122.443793882405 37.780022 0 0.5 800 999
130 -122.443793882405 37.7809214627867 0 0.5 800 999
131 -122.443793882405 37.7818209255734 0 0.5 800 999
132 -122.443793882405 37.7827203883601 0 0.5 800 999
133 -122.443793882405 37.7836198511468 0 0.5 800 999
134 -122.443793882405 37.7845193139335 0 0.5 800 999
135 -122.443793882405 37.7854187767202 0 0.5 800 999
136 -122.443793882405 37.7863182395069 0 0.5 800 999
137 -122.443793882405 37.7872177022936 0 0.5 800 999
138 -122.443793882405 37.7881171650803 0 0.5 800 999
139 -122.443793882405 37.789016627867 0 0.5 800 999
140 -122.443793882405 37.7899160906538 0 0.5 800 999
141 -122.443793882405 37.7908155534405 0 0.5 800 999
142 -122.443793882405 37.7917150162272 0 0.5 800 999
143 -122.443793882405 37.7926144790139 0 0.5 800 999
144 -122.443793882405 37.7935139418006 0 0.5 800 999
145 -122.443793882405 37.7944134045873 0 0.5 800 999
146 -122.443793882405 37.795312867374 0 0.5 800 999
147 -122.443793882405 37.7962123301607 0 0.5 800 999
148 -122.443793882405 37.7971117929474 0 0.5 800 999
149 -122.443793882405 37.7980112557341 0 0.5 800 999
150 -122.443793882405 37.7989107185208 0 0.5 800 999
151 -122.443793882405 37.7998101813075 0 0.5 800 999
152 -122.443793882405 37.8007096440942 0 0.5 800 999
153 -122.443793882405 37.8016091068809 0 0.5 800 999
154 -122.443793882405 37.8025085696676 0 0.5 800 999
155 -122.443793882405 37.8034080324543 0 0.5 800 999
156 -122.443793882405 37.804307495241 0 0.5 800 999
157 -122.443793882405 37.8052069580277 0 0.5 800 999
158 -122.443793882405 37.8061064208144 0 0.5 800 999
159 -122.443793882405 37.8070058836011 0 0.5 800 999
160 -122.443793882405 37.8079053463878 0 0.5 800 999
161 -122.442655853007 37.780022 0 0.5 800 999
162 -122.442655853007 37.7809214627867 0 0.5 800 999
163 -122.442655853007 37.7818209255734 0 0.5 800 999
164 -122.442655853007 37.7827203883601 0 0.5 800 999
165 -122.442655853007 37.7836198511468 0 0.5 800 999
166 -122.442655853007 37.7845193139335 0 0.5 800 999
167 -122.442655853007 37.7854187767202 0 0.5 800 999
168 -122.442655853007 37.7863182395069 0 0.5 800 999
169 -122.442655853007 37.7872177022936 0 0.5 800 999
170 -122.442655853007 37.7881171650803 0 0.5 800 999
171 -122.442655853007 37.789016627867 0 0.5 800 999
172 -122.442655853007 37.7899160906538 0 0.5 800 999
173 -122.442655853007 37.7908155534405 0 0.5 800 999
174 -122.442655853007 37.7917150162272 0 0.5 800 999
175 -122.442655853007 37.7926144790139 0 0.5 800 999
176 -122.442655853007 37.7935139418006 0 0.5 800 999
177 -122.442655853007 37.7944134045873 0 0.5 800 999
178 -122.442655853007 37.795312867374 0 0.5 800 999
179 -122.442655853007 37.7962123301607 0 0.5 800 999
180 -122.442655853007 37.7971117929474 0 0.5 800 999
181 -122.442655853007 37.7980112557341 0 0.5 800 999
182 -122.442655853007 37.7989107185208 0 0.5 800 999
183 -122.442655853007 37.7998101813075 0 0.5 800 999
184 -122.442655853007 37.8007096440942 0 0.5 800 999
185 -122.442655853007 37.8016091068809 0 0.5 800 999
186 -122.442655853007 37.8025085696676 0 0.5 800 999
187 -122.442655853007 37.8034080324543 0 0.5 800 999
188 -122.442655853007 37.804307495241 0 0.5 800 999
189 -122.442655853007 37.8052069580277 0 0.5 800 999
190 -122.442655853007 37.8061064208144 0 0.5 800 999
191 -122.442655853007 37.8070058836011 0 0.5 800 999
192 -122.442655853007 37.8079053463878 0 0.5 800 999
193 -122.441517823608 37.780022 0 0.5 800 999
194 -122.441517823608 37.7809214627867 0 0.5 800 999
195 -122.441517823608 37.7818209255734 0 0.5 800 999
196 -122.441517823608 37.7827203883601 0 0.5 800 999
197 -122.441517823608 37.7836198511468 0 0.5 800 999
198 -122.441517823608 37.7845193139335 0 0.5 800 999
199 -122.441517823608 37.7854187767202 0 0.5 800 999
200 -122.441517823608 37.7863182395069 0 0.5 800 999
201 -122.441517823608 37.7872177022936 0 0.5 800 999
202 -122.441517823608 37.7881171650803 0 0.5 800 999
203 -122.441517823608 37.789016627867 0 0.5 800 999
204 -122.441517823608 37.7899160906538 0 0.5 800 999
205 -122.441517823608 37.7908155534405 0 0.5 800 999
206 -122.441517823608 37.7917150162272 0 0.5 800 999
207 -122.441517823608 37.7926144790139 0 0.5 800 999
208 -122.441517823608 37.7935139418006 0 0.5 800 999
209 -122.441517823608 37.7944134045873 0 0.5 800 999
210 -122.441517823608 37.795312867374 0 0.5 800 999
211 -122.441517823608 37.7962123301607 0 0.5 800 999
212 -122.441517823608 37.7971117929474 0 0.5 800 999
213 -122.441517823608 37.7980112557341 0 0.5 800 999
214 -122.441517823608 37.7989107185208 0 0.5 800 999
215 -122.441517823608 37.7998101813075 0 0.5 800 999
216 -122.441517823608 37.8007096440942 0 0.5 800 999
217 -122.441517823608 37.8016091068809 0 0.5 800 999
218 -122.441517823608 37.8025085696676 0 0.5 800 999
219 -122.441517823608 37.8034080324543 0 0.5 800 999
220 -122.441517823608 37.804307495241 0 0.5 800 999
221 -122.441517823608 37.8052069580277 0 0.5 800 999
222 -122.441517823608 37.8061064208144 0 0.5 800 999
223 -122.441517823608 37.8070058836011 0 0.5 800 999
224 -122.441517823608 37.8079053463878 0 0.5 800 999
225 -122.440379794209 37.780022 0 0.5 800 999
226 -122.440379794209 37.7809214627867 0 0.5 800 999
227 -122.440379794209 37.7818209255734 0 0.5 800 999
228 -122.440379794209 37.7827203883601 0 0.5 800 999
229 -122.440379794209 37.7836198511468 0 0.5 800 999
230 -122.440379794209 37.7845193139335 0 0.5 800 999
231 -122.440379794209 37.7854187767202 0 0.5 800 999
232 -122.440379794209 37.7863182395069 0 0.5 800 999
233 -122.440379794209 37.7872177022936 0 0.5 800 999
234 -122.440379794209 37.7881171650803 0 0.5 800 999
235 -122.440379794209 37.789016627867 0 0.5 800 999
236 -122.440379794209 37.7899160906538 0 0.5 800 999
237 -122.440379794209 37.7908155534405 0 0.5 800 999
238 -122.440379794209 37.7917150162272 0 0.5 800 999
239 -122.440379794209 37.7926144790139 0 0.5 800 999
240 -122.440379794209 37.7935139418006 0 0.5 800 999
241 -122.440379794209 37.7944134045873 0 0.5 800 999
242 -122.440379794209 37.795312867374 0 0.5 800 999
243 -122.440379794209 37.7962123301607 0 0.5 800 999
244 -122.440379794209 37.7971117929474 0 0.5 800 999
245 -122.440379794209 37.7980112557341 0 0.5 800 999
246 -122.440379794209 37.7989107185208 0 0.5 800 999
247 -122.440379794209 37.7998101813075 0 0.5 800 999
248 -122.440379794209 37.8007096440942 0 0.5 800 999
249 -122.440379794209 37.8016091068809 0 0.5 800 999
250 -122.440379794209 37.8025085696676 0 0.5 800 999
251 -122.440379794209 37.8034080324543 0 0.5 800 999
252 -122.440379794209 37.804307495241 0 0.5 800 999
253 -122.440379794209 37.8052069580277 0 0.5 800 999
254 -122.440379794209 37.8061064208144 0 0.5 800 999
255 -122.440379794209 37.8070058836011 0 0.5 800 999
256 -122.440379794209 37.8079053463878 0 0.5 800 999
257 -122.439241764811 37.780022 0 0.5 800 999
258 -122.439241764811 37.7809214627867 0 0.5 800 999
259 -122.439241764811 37.7818209255734 0 0.5 800 999
260 -122.439241764811 37.7827203883601 0 0.5 800 999
261 -122.439241764811 37.7836198511468 0 0.5 800 999
262 -122.439241764811 37.7845193139335 0 0.5 800 999
263 -122.439241764811 37.7854187767202 0 0.5 800 999
264 -122.439241764811 37.7863182395069 0 0.5 800 999
265 -122.439241764811 37.7872177022936 0 0.5 800 999
266 -122.439241764811 37.7881171650803 0 0.5 800 999
267 -122.439241764811 37.789016627867 0 0.5 800 999
268 -122.439241764811 37.7899160906538 0 0.5 800 999
269 -122.439241764811 37.7908155534405 0 0.5 800 999
270 -122.439241764811 37.7917150162272 0 0.5 800 999
271 -122.439241764811 37.7926144790139 0 0.5 800 999
272 -122.439241764811 37.7935139418006 0 0.5 800 999
273 -122.439241764811 37.7944134045873 0 0.5 800 999
274 -122.439241764811 37.795312867374 0 0.5 800 999
275 -122.439241764811 37.7962123301607 0 0.5 800 999
276 -122.439241764811 37.7971117929474 0 0.5 800 999
277 -122.439241764811 37.7980112557341 0 0.5 800 999
278 -122.439241764811 37.7989107185208 0 0.5 800 999
279 -122.439241764811 37.7998101813075 0 0.5 800 999
280 -122.439241764811 37.8007096440942 0 0.5 800 999
281 -122.439241764811 37.8016091068809 0 0.5 800 999
282 -122.439241764811 37.8025085696676 0 0.5 800 999
283 -122.439241764811 37.8034080324543 0 0.5 800 999
284 -122.439241764811 37.804307495241 0 0.5 800 999
285 -122.439241764811 37.8052069580277 0 0.5 800 999
286 -122.439241764811 37.8061064208144 0 0.5 800 999
287 -122.439241764811 37.8070058836011 0 0.5 800 999
288 -122.439241764811 37.8079053463878 0 0.5 800 999
289 -122.438103735412 37.780022 0 0.5 800 999
290 -122.438103735412 37.7809214627867 0 0.5 800 999
291 -122.438103735412 37.7818209255734 0 0.5 800 999
292 -122.438103735412 37.7827203883601 0 0.5 800 999
293 -122.438103735412 37.7836198511468 0 0.5 800 999
294 -122.438103735412 37.7845193139335 0 0.5 800 999
295 -122.438103735412 37.7854187767202 0 0.5 800 999
296 -122.438103735412 37.7863182395069 0 0.5 800 999
297 -122.438103735412 37.7872177022936 0 0.5 800 999
298 -122.438103735412 37.7881171650803 0 0.5 800 999
299 -122.438103735412 37.789016627867 0 0.5 800 999
300 -122.438103735412 37.7899160906538 0 0.5 800 999
301 -122.438103735412 37.7908155534405 0 0.5 800 999
302 -122.438103735412 37.7917150162272 0 0.5 800 999
303 -122.438103735412 37.7926144790139 0 0.5 800 999
304 -122.438103735412 37.7935139418006 0 0.5 800 999
305 -122.438103735412 37.7944134045873 0 0.5 800 999
306 -122.438103735412 37.795312867374 0 0.5 800 999
307 -122.438103735412 37.7962123301607 0 0.5 800 999
308 -122.438103735412 37.7971117929474 0 0.5 800 999
309 -122.438103735412 37.7980112557341 0 0.5 800 999
310 -122.438103735412 37.7989107185208 0 0.5 800 999
311 -122.438103735412 37.7998101813075 0 0.5 800 999
312 -122.438103735412 37.8007096440942 0 0.5 800 999
313 -122.438103735412 37.8016091068809 0 0.5 800 999
314 -122.438103735412 37.8025085696676 0 0.5 800 999
315 -122.438103735412 37.8034080324543 0 0.5 800 999
316 -122.438103735412 37.804307495241 0 0.5 800 999
317 -122.438103735412 37.8052069580277 0 0.5 800 999
318 -122.438103735412 37.8061064208144 0 0.5 800 999
319 -122.438103735412 37.8070058836011 0 0.5 800 999
320 -122.438103735412 37.8079053463878 0 0.5 800 999
321 -122.436965706013 37.780022 0 0.5 800 999
322 -122.436965706013 37.7809214627867 0 0.5 800 999
323 -122.436965706013 37.7818209255734 0 0.5 800 999
324 -122.436965706013 37.7827203883601 0 0.5 800 999
325 -122.436965706013 37.7836198511468 0 0.5 800 999
326 -122.436965706013 37.7845193139335 0 0.5 800 999
327 -122.436965706013 37.7854187767202 0 0.5 800 999
328 -122.436965706013 37.7863182395069 0 0.5 800 999
329 -122.436965706013 37.7872177022936 0 0.5 800 999
330 -122.436965706013 37.7881171650803 0 0.5 800 999
331 -122.436965706013 37.789016627867 0 0.5 800 999
332 -122.436965706013 37.7899160906538 0 0.5 800 999
333 -122.436965706013 37.7908155534405 0 0.5 800 999
334 -122.436965706013 37.7917150162272 0 0.5 800 999
335 -122.436965706013 37.7926144790139 0 0.5 800 999
336 -122.436965706013 37.7935139418006 0 0.5 800 999
337 -122.436965706013 37.7944134045873 0 0.5 800 999
338 -122.436965706013 37.795312867374 0 0.5 800 999
339 -122.436965706013 37.7962123301607 0 0.5 800 999
340 -122.436965706013 37.7971117929474 0 0.5 800 999
341 -122.436965706013 37.7980112557341 0 0.5 800 999
342 -122.436965706013 37.7989107185208 0 0.5 800 999
343 -122.436965706013 37.7998101813075 0 0.5 800 999
344 -122.436965706013 37.8007096440942 0 0.5 800 999
345 -122.436965706013 37.8016091068809 0 0.5 800 999
346 -122.436965706013 37.8025085696676 0 0.5 800 999
347 -122.436965706013 37.8034080324543 0 0.5 800 999
348 -122.436965706013 37.804307495241 0 0.5 800 999
349 -122.436965706013 37.8052069580277 0 0.5 800 999
350 -122.436965706013 37.8061064208144 0 0.5 800 999
351 -122.436965706013 37.8070058836011 0 0.5 800 999
352 -122.436965706013 37.8079053463878 0 0.5 800 999
353 -122.435827676615 37.780022 0 0.5 800 999
354 -122.435827676615 37.7809214627867 0 0.5 800 999
355 -122.435827676615 37.7818209255734 0 0.5 800 999
356 -122.435827676615 37.7827203883601 0 0.5 800 999
357 -122.435827676615 37.7836198511468 0 0.5 800 999
358 -122.435827676615 37.7845193139335 0 0.5 800 999
359 -122.435827676615 37.7854187767202 0 0.5 800 999
360 -122.435827676615 37.7863182395069 0 0.5 800 999
361 -122.435827676615 37.7872177022936 0 0.5 800 999
362 -122.435827676615 37.7881171650803 0 0.5 800 999
363 -122.435827676615 37.789016627867 0 0.5 800 999
364 -122.435827676615 37.7899160906538 0 0.5 800 999
365 -122.435827676615 37.7908155534405 0 0.5 800 999
366 -122.435827676615 37.7917150162272 0 0.5 800 999
367 -122.435827676615 37.7926144790139 0 0.5 800 999
368 -122.435827676615 37.7935139418006 0 0.5 800 999
369 -122.435827676615 37.7944134045873 0 0.5 800 999
370 -122.435827676615 37.795312867374 0 0.5 800 999
371 -122.435827676615 37.7962123301607 0 0.5 800 999
372 -122.435827676615 37.7971117929474 0 0.5 800 999
373 -122.435827676615 37.7980112557341 0 0.5 800 999
374 -122.435827676615 37.7989107185208 0 0.5 800 999
375 -122.435827676615 37.7998101813075 0 0.5 800 999
376 -122.435827676615 37.8007096440942 0 0.5 800 999
377 -122.435827676615 37.8016091068809 0 0.5 800 999
378 -122.435827676615 37.8025085696676 0 0.5 800 999
379 -122.435827676615 37.8034080324543 0 0.5 800 999
380 -122.435827676615 37.804307495241 0 0.5 800 999
381 -122.435827676615 37.8052069580277 0 0.5 800 999
382 -122.435827676615 37.8061064208144 0 0.5 800 999
383 -122.435827676615 37.8070058836011 0 0.5 800 999
384 -122.435827676615 37.8079053463878 0 0.5 800 999
385 -122.434689647216 37.780022 0 0.5 800 999
386 -122.434689647216 37.7809214627867 0 0.5 800 999
387 -122.434689647216 37.7818209255734 0 0.5 800 999
388 -122.434689647216 37.7827203883601 0 0.5 800 999
389 -122.434689647216 37.7836198511468 0 0.5 800 999
390 -122.434689647216 37.7845193139335 0 0.5 800 999
391 -122.434689647216 37.7854187767202 0 0.5 800 999
392 -122.434689647216 37.7863182395069 0 0.5 800 999
393 -122.434689647216 37.7872177022936 0 0.5 800 999
394 -122.434689647216 37.7881171650803 0 0.5 800 999
395 -122.434689647216 37.789016627867 0 0.5 800 999
396 -122.434689647216 37.7899160906538 0 0.5 800 999
397 -122.434689647216 37.7908155534405 0 0.5 800 999
398 -122.434689647216 37.7917150162272 0 0.5 800 999
399 -122.434689647216 37.7926144790139 0 0.5 800 999
400 -122.434689647216 37.7935139418006 0 0.5 800 999
401 -122.434689647216 37.7944134045873 0 0.5 800 999
402 -122.434689647216 37.795312867374 0 0.5 800 999
403 -122.434689647216 37.7962123301607 0 0.5 800 999
404 -122.434689647216 37.7971117929474 0 0.5 800 999
405 -122.434689647216 37.7980112557341 0 0.5 800 999
406 -122.434689647216 37.7989107185208 0 0.5 800 999
407 -122.434689647216 37.7998101813075 0 0.5 800 999
408 -122.434689647216 37.8007096440942 0 0.5 800 999
409 -122.434689647216 37.8016091068809 0 0.5 800 999
410 -122.434689647216 37.8025085696676 0 0.5 800 999
411 -122.434689647216 37.8034080324543 0 0.5 800 999
412 -122.434689647216 37.804307495241 0 0.5 800 999
413 -122.434689647216 37.8052069580277 0 0.5 800 999
414 -122.434689647216 37.8061064208144 0 0.5 800 999
415 -122.434689647216 37.8070058836011 0 0.5 800 999
416 -122.434689647216 37.8079053463878 0 0.5 800 999
417 -122.433551617817 37.780022 0 0.5 800 999
418 -122.433551617817 37.7809214627867 0 0.5 800 999
419 -122.433551617817 37.7818209255734 0 0.5 800 999
420 -122.433551617817 37.7827203883601 0 0.5 800 999
421 -122.433551617817 37.7836198511468 0 0.5 800 999
422 -122.433551617817 37.7845193139335 0 0.5 800 999
423 -122.433551617817 37.7854187767202 0 0.5 800 999
424 -122.433551617817 37.7863182395069 0 0.5 800 999
425 -122.433551617817 37.7872177022936 0 0.5 800 999
426 -122.433551617817 37.7881171650803 0 0.5 800 999
427 -122.433551617817 37.789016627867 0 0.5 800 999
428 -122.433551617817 37.7899160906538 0 0.5 800 999
429 -122.433551617817 37.7908155534405 0 0.5 800 999
430 -122.433551617817 37.7917150162272 0 0.5 800 999
431 -122.433551617817 37.7926144790139 0 0.5 800 999
432 -122.433551617817 37.7935139418006 0 0.5 800 999
433 -122.433551617817 37.7944134045873 0 0.5 800 999
434 -122.433551617817 37.795312867374 0 0.5 800 999
435 -122.433551617817 37.7962123301607 0 0.5 800 999
436 -122.433551617817 37.7971117929474 0 0.5 800 999
437 -122.433551617817 37.7980112557341 0 0.5 800 999
438 -122.433551617817 37.7989107185208 0 0.5 800 999
439 -122.433551617817 37.7998101813075 0 0.5 800 999
440 -122.433551617817 37.8007096440942 0 0.5 800 999
441 -122.433551617817 37.8016091068809 0 0.5 800 999
442 -122.433551617817 37.8025085696676 0 0.5 800 999
443 -122.433551617817 37.8034080324543 0 0.5 800 999
444 -122.433551617817 37.804307495241 0 0.5 800 999
445 -122.433551617817 37.8052069580277 0 0.5 800 999
446 -122.433551617817 37.8061064208144 0 0.5 800 999
447 -122.433551617817 37.8070058836011 0 0.5 800 999
448 -122.433551617817 37.8079053463878 0 0.5 800 999
449 -122.432413588419 37.780022 0 0.5 800 999
450 -122.432413588419 37.7809214627867 0 0.5 800 999
451 -122.432413588419 37.7818209255734 0 0.5 800 999
452 -122.432413588419 37.7827203883601 0 0.5 800 999
453 -122.432413588419 37.7836198511468 0 0.5 800 999
454 -122.432413588419 37.7845193139335 0 0.5 800 999
455 -122.432413588419 37.7854187767202 0 0.5 800 999
456 -122.432413588419 37.7863182395069 0 0.5 800 999
457 -122.432413588419 37.7872177022936 0 0.5 800 999
458 -122.432413588419 37.7881171650803 0 0.5 800 999
459 -122.432413588419 37.789016627867 0 0.5 800 999
460 -122.432413588419 37.7899160906538 0 0.5 800 999
461 -122.432413588419 37.7908155534405 0 0.5 800 999
462 -122.432413588419 37.7917150162272 0 0.5 800 999
463 -122.432413588419 37.7926144790139 0 0.5 800 999
464 -122.432413588419 37.7935139418006 0 0.5 800 999
465 -122.432413588419 37.7944134045873 0 0.5 800 999
466 -122.432413588419 37.795312867374 0 0.5 800 999
467 -122.432413588419 37.7962123301607 0 0.5 800 999
468 -122.432413588419 37.7971117929474 0 0.5 800 999
469 -122.432413588419 37.7980112557341 0 0.5 800 999
470 -122.432413588419 37.7989107185208 0 0.5 800 999
471 -122.432413588419 37.7998101813075 0 0.5 800 999
472 -122.432413588419 37.8007096440942 0 0.5 800 999
473 -122.432413588419 37.8016091068809 0 0.5 800 999
474 -122.432413588419 37.8025085696676 0 0.5 800 999
475 -122.432413588419 37.8034080324543 0 0.5 800 999
476 -122.432413588419 37.804307495241 0 0.5 800 999
477 -122.432413588419 37.8052069580277 0 0.5 800 999
478 -122.432413588419 37.8061064208144 0 0.5 800 999
479 -122.432413588419 37.8070058836011 0 0.5 800 999
480 -122.432413588419 37.8079053463878 0 0.5 800 999
481 -122.43127555902 37.780022 0 0.5 800 999
482 -122.43127555902 37.7809214627867 0 0.5 800 999
483 -122.43127555902 37.7818209255734 0 0.5 800 999
484 -122.43127555902 37.7827203883601 0 0.5 800 999
485 -122.43127555902 37.7836198511468 0 0.5 800 999
486 -122.43127555902 37.7845193139335 0 0.5 800 999
487 -122.43127555902 37.7854187767202 0 0.5 800 999
488 -122.43127555902 37.7863182395069 0 0.5 800 999
489 -122.43127555902 37.7872177022936 0 0.5 800 999
490 -122.43127555902 37.7881171650803 0 0.5 800 999
491 -122.43127555902 37.789016627867 0 0.5 800 999
492 -122.43127555902 37.7899160906538 0 0.5 800 999
493 -122.43127555902 37.7908155534405 0 0.5 800 999
494 -122.43127555902 37.7917150162272 0 0.5 800 999
495 -122.43127555902 37.7926144790139 0 0.5 800 999
496 -122.43127555902 37.7935139418006 0 0.5 800 999
497 -122.43127555902 37.7944134045873 0 0.5 800 999
498 -122.43127555902 37.795312867374 0 0.5 800 999
499 -122.43127555902 37.7962123301607 0 0.5 800 999
500 -122.43127555902 37.7971117929474 0 0.5 800 999
501 -122.43127555902 37.7980112557341 0 0.5 800 999
502 -122.43127555902 37.7989107185208 0 0.5 800 999
503 -122.43127555902 37.7998101813075 0 0.5 800 999
504 -122.43127555902 37.8007096440942 0 0.5 800 999
505 -122.43127555902 37.8016091068809 0 0.5 800 999
506 -122.43127555902 37.8025085696676 0 0.5 800 999
507 -122.43127555902 37.8034080324543 0 0.5 800 999
508 -122.43127555902 37.804307495241 0 0.5 800 999
509 -122.43127555902 37.8052069580277 0 0.5 800 999
510 -122.43127555902 37.8061064208144 0 0.5 800 999
511 -122.43127555902 37.8070058836011 0 0.5 800 999
512 -122.43127555902 37.8079053463878 0 0.5 800 999
513 -122.430137529621 37.780022 0 0.5 800 999
514 -122.430137529621 37.7809214627867 0 0.5 800 999
515 -122.430137529621 37.7818209255734 0 0.5 800 999
516 -122.430137529621 37.7827203883601 0 0.5 800 999
517 -122.430137529621 37.7836198511468 0 0.5 800 999
518 -122.430137529621 37.7845193139335 0 0.5 800 999
519 -122.430137529621 37.7854187767202 0 0.5 800 999
520 -122.430137529621 37.7863182395069 0 0.5 800 999
521 -122.430137529621 37.7872177022936 0 0.5 800 999
522 -122.430137529621 37.7881171650803 0 0.5 800 999
523 -122.430137529621 37.789016627867 0 0.5 800 999
524 -122.430137529621 37.7899160906538 0 0.5 800 999
525 -122.430137529621 37.7908155534405 0 0.5 800 999
526 -122.430137529621 37.7917150162272 0 0.5 800 999
527 -122.430137529621 37.7926144790139 0 0.5 800 999
528 -122.430137529621 37.7935139418006 0 0.5 800 999
529 -122.430137529621 37.7944134045873 0 0.5 800 999
530 -122.430137529621 37.795312867374 0 0.5 800 999
531 -122.430137529621 37.7962123301607 0 0.5 800 999
532 -122.430137529621 37.7971117929474 0 0.5 800 999
533 -122.430137529621 37.7980112557341 0 0.5 800 999
534 -122.430137529621 37.7989107185208 0 0.5 800 999
535 -122.430137529621 37.7998101813075 0 0.5 800 999
536 -122.430137529621 37.8007096440942 0 0.5 800 999
537 -122.430137529621 37.8016091068809 0 0.5 800 999
538 -122.430137529621 37.8025085696676 0 0.5 800 999
539 -122.430137529621 37.8034080324543 0 0.5 800 999
540 -122.430137529621 37.804307495241 0 0.5 800 999
541 -122.430137529621 37.8052069580277 0 0.5 800 999
542 -122.430137529621 37.8061064208144 0 0.5 800 999
543 -122.430137529621 37.8070058836011 0 0.5 800 999
544 -122.430137529621 37.8079053463878 0 0.5 800 999
545 -122.428999500223 37.780022 0 0.5 800 999
546 -122.428999500223 37.7809214627867 0 0.5 800 999
547 -122.428999500223 37.7818209255734 0 0.5 800 999
548 -122.428999500223 37.7827203883601 0 0.5 800 999
549 -122.428999500223 37.7836198511468 0 0.5 800 999
550 -122.428999500223 37.7845193139335 0 0.5 800 999
551 -122.428999500223 37.7854187767202 0 0.5 800 999
552 -122.428999500223 37.7863182395069 0 0.5 800 999
553 -122.428999500223 37.7872177022936 0 0.5 800 999
554 -122.428999500223 37.7881171650803 0 0.5 800 999
555 -122.428999500223 37.789016627867 0 0.5 800 999
556 -122.428999500223 37.7899160906538 0 0.5 800 999
557 -122.428999500223 37.7908155534405 0 0.5 800 999
558 -122.428999500223 37.7917150162272 0 0.5 800 999
559 -122.428999500223 37.7926144790139 0 0.5 800 999
560 -122.428999500223 37.7935139418006 0 0.5 800 999
561 -122.428999500223 37.7944134045873 0 0.5 800 999
562 -122.428999500223 37.795312867374 0 0.5 800 999
563 -122.428999500223 37.7962123301607 0 0.5 800 999
564 -122.428999500223 37.7971117929474 0 0.5 800 999
565 -122.428999500223 37.7980112557341 0 0.5 800 999
566 -122.428999500223 37.7989107185208 0 0.5 800 999
567 -122.428999500223 37.7998101813075 0 0.5 800 999
568 -122.428999500223 37.8007096440942 0 0.5 800 999
569 -122.428999500223 37.8016091068809 0 0.5 800 999
570 -122.428999500223 37.8025085696676 0 0.5 800 999
571 -122.428999500223 37.8034080324543 0 0.5 800 999
572 -122.428999500223 37.804307495241 0 0.5 800 999
573 -122.428999500223 37.8052069580277 0 0.5 800 999
574 -122.428999500223 37.8061064208144 0 0.5 800 999
575 -122.428999500223 37.8070058836011 0 0.5 800 999
576 -122.428999500223 37.8079053463878 0 0.5 800 999
577 -122.427861470824 37.780022 0 0.5 800 999
578 -122.427861470824 37.7809214627867 0 0.5 800 999
579 -122.427861470824 37.7818209255734 0 0.5 800 999
580 -122.427861470824 37.7827203883601 0 0.5 800 999
581 -122.427861470824 37.7836198511468 0 0.5 800 999
582 -122.427861470824 37.7845193139335 0 0.5 800 999
583 -122.427861470824 37.7854187767202 0 0.5 800 999
584 -122.427861470824 37.7863182395069 0 0.5 800 999
585 -122.427861470824 37.7872177022936 0 0.5 800 999
586 -122.427861470824 37.7881171650803 0 0.5 800 999
587 -122.427861470824 37.789016627867 0 0.5 800 999
588 -122.427861470824 37.7899160906538 0 0.5 800 999
589 -122.427861470824 37.7908155534405 0 0.5 800 999
590 -122.427861470824 37.7917150162272 0 0.5 800 999
591 -122.427861470824 37.7926144790139 0 0.5 800 999
592 -122.427861470824 37.7935139418006 0 0.5 800 999
593 -122.427861470824 37.7944134045873 0 0.5 800 999
594 -122.427861470824 37.795312867374 0 0.5 800 999
595 -122.427861470824 37.7962123301607 0 0.5 800 999
596 -122.427861470824 37.7971117929474 0 0.5 800 999
597 -122.427861470824 37.7980112557341 0 0.5 800 999
598 -122.427861470824 37.7989107185208 0 0.5 800 999
599 -122.427861470824 37.7998101813075 0 0.5 800 999
600 -122.427861470824 37.8007096440942 0 0.5 800 999
601 -122.427861470824 37.8016091068809 0 0.5 800 999
602 -122.427861470824 37.8025085696676 0 0.5 800 999
603 -122.427861470824 37.8034080324543 0 0.5 800 999
604 -122.427861470824 37.804307495241 0 0.5 800 999
605 -122.427861470824 37.8052069580277 0 0.5 800 999
606 -122.427861470824 37.8061064208144 0 0.5 800 999
607 -122.427861470824 37.8070058836011 0 0.5 800 999
608 -122.427861470824 37.8079053463878 0 0.5 800 999
609 -122.426723441425 37.780022 0 0.5 800 999
610 -122.426723441425 37.7809214627867 0 0.5 800 999
611 -122.426723441425 37.7818209255734 0 0.5 800 999
612 -122.426723441425 37.7827203883601 0 0.5 800 999
613 -122.426723441425 37.7836198511468 0 0.5 800 999
614 -122.426723441425 37.7845193139335 0 0.5 800 999
615 -122.426723441425 37.7854187767202 0 0.5 800 999
616 -122.426723441425 37.7863182395069 0 0.5 800 999
617 -122.426723441425 37.7872177022936 0 0.5 800 999
618 -122.426723441425 37.7881171650803 0 0.5 800 999
619 -122.426723441425 37.789016627867 0 0.5 800 999
620 -122.426723441425 37.7899160906538 0 0.5 800 999
621 -122.426723441425 37.7908155534405 0 0.5 800 999
622 -122.426723441425 37.7917150162272 0 0.5 800 999
623 -122.426723441425 37.7926144790139 0 0.5 800 999
624 -122.426723441425 37.7935139418006 0 0.5 800 999
625 -122.426723441425 37.7944134045873 0 0.5 800 999
626 -122.426723441425 37.795312867374 0 0.5 800 999
627 -122.426723441425 37.7962123301607 0 0.5 800 999
628 -122.426723441425 37.7971117929474 0 0.5 800 999
629 -122.426723441425 37.7980112557341 0 0.5 800 999
630 -122.426723441425 37.7989107185208 0 0.5 800 999
631 -122.426723441425 37.7998101813075 0 0.5 800 999
632 -122.426723441425 37.8007096440942 0 0.5 800 999
633 -122.426723441425 37.8016091068809 0 0.5 800 999
634 -122.426723441425 37.8025085696676 0 0.5 800 999
635 -122.426723441425 37.8034080324543 0 0.5 800 999
636 -122.426723441425 37.804307495241 0 0.5 800 999
637 -122.426723441425 37.8052069580277 0 0.5 800 999
638 -122.426723441425 37.8061064208144 0 0.5 800 999
639 -122.426723441425 37.8070058836011 0 0.5 800 999
640 -122.426723441425 37.8079053463878 0 0.5 800 999
641 -122.425585412027 37.780022 0 0.5 800 999
642 -122.425585412027 37.7809214627867 0 0.5 800 999
643 -122.425585412027 37.7818209255734 0 0.5 800 999
644 -122.425585412027 37.7827203883601 0 0.5 800 999
645 -122.425585412027 37.7836198511468 0 0.5 800 999
646 -122.425585412027 37.7845193139335 0 0.5 800 999
647 -122.425585412027 37.7854187767202 0 0.5 800 999
648 -122.425585412027 37.7863182395069 0 0.5 800 999
649 -122.425585412027 37.7872177022936 0 0.5 800 999
650 -122.425585412027 37.7881171650803 0 0.5 800 999
651 -122.425585412027 37.789016627867 0 0.5 800 999
652 -122.425585412027 37.7899160906538 0 0.5 800 999
653 -122.425585412027 37.7908155534405 0 0.5 800 999
654 -122.425585412027 37.7917150162272 0 0.5 800 999
655 -122.425585412027 37.7926144790139 0 0.5 800 999
656 -122.425585412027 37.7935139418006 0 0.5 800 999
657 -122.425585412027 37.7944134045873 0 0.5 800 999
658 -122.425585412027 37.795312867374 0 0.5 800 999
659 -122.425585412027 37.7962123301607 0 0.5 800 999
660 -122.425585412027 37.7971117929474 0 0.5 800 999
661 -122.425585412027 37.7980112557341 0 0.5 800 999
662 -122.425585412027 37.7989107185208 0 0.5 800 999
663 -122.425585412027 37.7998101813075 0 0.5 800 999
664 -122.425585412027 37.8007096440942 0 0.5 800 999
665 -122.425585412027 37.8016091068809 0 0.5 800 999
666 -122.425585412027 37.8025085696676 0 0.5 800 999
667 -122.425585412027 37.8034080324543 0 0.5 800 999
668 -122.425585412027 37.804307495241 0 0.5 800 999
669 -122.425585412027 37.8052069580277 0 0.5 800 999
670 -122.425585412027 37.8061064208144 0 0.5 800 999
671 -122.425585412027 37.8070058836011 0 0.5 800 999
672 -122.425585412027 37.8079053463878 0 0.5 800 999
673 -122.424447382628 37.780022 0 0.5 800 999
674 -122.424447382628 37.7809214627867 0 0.5 800 999
675 -122.424447382628 37.7818209255734 0 0.5 800 999
676 -122.424447382628 37.7827203883601 0 0.5 800 999
677 -122.424447382628 37.7836198511468 0 0.5 800 999
678 -122.424447382628 37.7845193139335 0 0.5 800 999
679 -122.424447382628 37.7854187767202 0 0.5 800 999
680 -122.424447382628 37.7863182395069 0 0.5 800 999
681 -122.424447382628 37.7872177022936 0 0.5 800 999
682 -122.424447382628 37.7881171650803 0 0.5 800 999
683 -122.424447382628 37.789016627867 0 0.5 800 999
684 -122.424447382628 37.7899160906538 0 0.5 800 999
685 -122.424447382628 37.7908155534405 0 0.5 800 999
686 -122.424447382628 37.7917150162272 0 0.5 800 999
687 -122.424447382628 37.7926144790139 0 0.5 800 999
688 -122.424447382628 37.7935139418006 0 0.5 800 999
689 -122.424447382628 37.7944134045873 0 0.5 800 999
690 -122.424447382628 37.795312867374 0 0.5 800 999
691 -122.424447382628 37.7962123301607 0 0.5 800 999
692 -122.424447382628 37.7971117929474 0 0.5 800 999
693 -122.424447382628 37.7980112557341 0 0.5 800 999
694 -122.424447382628 37.7989107185208 0 0.5 800 999
695 -122.424447382628 37.7998101813075 0 0.5 800 999
696 -122.424447382628 37.8007096440942 0 0.5 800 999
697 -122.424447382628 37.8016091068809 0 0.5 800 999
698 -122.424447382628 37.8025085696676 0 0.5 800 999
699 -122.424447382628 37.8034080324543 0 0.5 800 999
700 -122.424447382628 37.804307495241 0 0.5 800 999
701 -122.424447382628 37.8052069580277 0 0.5 800 999
702 -122.424447382628 37.8061064208144 0 0.5 800 999
703 -122.424447382628 37.8070058836011 0 0.5 800 999
704 -122.424447382628 37.8079053463878 0 0.5 800 999
705 -122.423309353229 37.780022 0 0.5 800 999
706 -122.423309353229 37.7809214627867 0 0.5 800 999
707 -122.423309353229 37.7818209255734 0 0.5 800 999
708 -122.423309353229 37.7827203883601 0 0.5 800 999
709 -122.423309353229 37.7836198511468 0 0.5 800 999
710 -122.423309353229 37.7845193139335 0 0.5 800 999
711 -122.423309353229 37.7854187767202 0 0.5 800 999
712 -122.423309353229 37.7863182395069 0 0.5 800 999
713 -122.423309353229 37.7872177022936 0 0.5 800 999
714 -122.423309353229 37.7881171650803 0 0.5 800 999
715 -122.423309353229 37.789016627867 0 0.5 800 999
716 -122.423309353229 37.7899160906538 0 0.5 800 999
717 -122.423309353229 37.7908155534405 0 0.5 800 999
718 -122.423309353229 37.7917150162272 0 0.5 800 999
719 -122.423309353229 37.7926144790139 0 0.5 800 999
720 -122.423309353229 37.7935139418006 0 0.5 800 999
721 -122.423309353229 37.7944134045873 0 0.5 800 999
722 -122.423309353229 37.795312867374 0 0.5 800 999
723 -122.423309353229 37.7962123301607 0 0.5 800 999
724 -122.423309353229 37.7971117929474 0 0.5 800 999
725 -122.423309353229 37.7980112557341 0 0.5 800 999
726 -122.423309353229 37.7989107185208 0 0.5 800 999
727 -122.423309353229 37.7998101813075 0 0.5 800 999
728 -122.423309353229 37.8007096440942 0 0.5 800 999
729 -122.423309353229 37.8016091068809 0 0.5 800 999
730 -122.423309353229 37.8025085696676 0 0.5 800 999
731 -122.423309353229 37.8034080324543 0 0.5 800 999
732 -122.423309353229 37.804307495241 0 0.5 800 999
733 -122.423309353229 37.8052069580277 0 0.5 800 999
734 -122.423309353229 37.8061064208144 0 0.5 800 999
735 -122.423309353229 37.8070058836011 0 0.5 800 999
736 -122.423309353229 37.8079053463878 0 0.5 800 999
737 -122.422171323831 37.780022 0 0.5 800 999
738 -122.422171323831 37.7809214627867 0 0.5 800 999
739 -122.422171323831 37.7818209255734 0 0.5 800 999
740 -122.422171323831 37.7827203883601 0 0.5 800 999
741 -122.422171323831 37.7836198511468 0 0.5 800 999
742 -122.422171323831 37.7845193139335 0 0.5 800 999
743 -122.422171323831 37.7854187767202 0 0.5 800 999
744 -122.422171323831 37.7863182395069 0 0.5 800 999
745 -122.422171323831 37.7872177022936 0 0.5 800 999
746 -122.422171323831 37.7881171650803 0 0.5 800 999
747 -122.422171323831 37.789016627867 0 0.5 800 999
748 -122.422171323831 37.7899160906538 0 0.5 800 999
749 -122.422171323831 37.7908155534405 0 0.5 800 999
750 -122.422171323831 37.7917150162272 0 0.5 800 999
751 -122.422171323831 37.7926144790139 0 0.5 800 999
752 -122.422171323831 37.7935139418006 0 0.5 800 999
753 -122.422171323831 37.7944134045873 0 0.5 800 999
754 -122.422171323831 37.795312867374 0 0.5 800 999
755 -122.422171323831 37.7962123301607 0 0.5 800 999
756 -122.422171323831 37.7971117929474 0 0.5 800 999
757 -122.422171323831 37.7980112557341 0 0.5 800 999
758 -122.422171323831 37.7989107185208 0 0.5 800 999
759 -122.422171323831 37.7998101813075 0 0.5 800 999
760 -122.422171323831 37.8007096440942 0 0.5 800 999
761 -122.422171323831 37.8016091068809 0 0.5 800 999
762 -122.422171323831 37.8025085696676 0 0.5 800 999
763 -122.422171323831 37.8034080324543 0 0.5 800 999
764 -122.422171323831 37.804307495241 0 0.5 800 999
765 -122.422171323831 37.8052069580277 0 0.5 800 999
766 -122.422171323831 37.8061064208144 0 0.5 800 999
767 -122.422171323831 37.8070058836011 0 0.5 800 999
768 -122.422171323831 37.8079053463878 0 0.5 800 999
769 -122.421033294432 37.780022 0 0.5 800 999
770 -122.421033294432 37.7809214627867 0 0.5 800 999
771 -122.421033294432 37.7818209255734 0 0.5 800 999
772 -122.421033294432 37.7827203883601 0 0.5 800 999
773 -122.421033294432 37.7836198511468 0 0.5 800 999
774 -122.421033294432 37.7845193139335 0 0.5 800 999
775 -122.421033294432 37.7854187767202 0 0.5 800 999
776 -122.421033294432 37.7863182395069 0 0.5 800 999
777 -122.421033294432 37.7872177022936 0 0.5 800 999
778 -122.421033294432 37.7881171650803 0 0.5 800 999
779 -122.421033294432 37.789016627867 0 0.5 800 999
780 -122.421033294432 37.7899160906538 0 0.5 800 999
781 -122.421033294432 37.7908155534405 0 0.5 800 999
782 -122.421033294432 37.7917150162272 0 0.5 800 999
783 -122.421033294432 37.7926144790139 0 0.5 800 999
784 -122.421033294432 37.7935139418006 0 0.5 800 999
785 -122.421033294432 37.7944134045873 0 0.5 800 999
786 -122.421033294432 37.795312867374 0 0.5 800 999
787 -122.421033294432 37.7962123301607 0 0.5 800 999
788 -122.421033294432 37.7971117929474 0 0.5 800 999
789 -122.421033294432 37.7980112557341 0 0.5 800 999
790 -122.421033294432 37.7989107185208 0 0.5 800 999
791 -122.421033294432 37.7998101813075 0 0.5 800 999
792 -122.421033294432 37.8007096440942 0 0.5 800 999
793 -122.421033294432 37.8016091068809 0 0.5 800 999
794 -122.421033294432 37.8025085696676 0 0.5 800 999
795 -122.421033294432 37.8034080324543 0 0.5 800 999
796 -122.421033294432 37.804307495241 0 0.5 800 999
797 -122.421033294432 37.8052069580277 0 0.5 800 999
798 -122.421033294432 37.8061064208144 0 0.5 800 999
799 -122.421033294432 37.8070058836011 0 0.5 800 999
800 -122.421033294432 37.8079053463878 0 0.5 800 999
801 -122.419895265033 37.780022 0 0.5 800 999
802 -122.419895265033 37.7809214627867 0 0.5 800 999
803 -122.419895265033 37.7818209255734 0 0.5 800 999
804 -122.419895265033 37.7827203883601 0 0.5 800 999
805 -122.419895265033 37.7836198511468 0 0.5 800 999
806 -122.419895265033 37.7845193139335 0 0.5 800 999
807 -122.419895265033 37.7854187767202 0 0.5 800 999
808 -122.419895265033 37.7863182395069 0 0.5 800 999
809 -122.419895265033 37.7872177022936 0 0.5 800 999
810 -122.419895265033 37.7881171650803 0 0.5 800 999
811 -122.419895265033 37.789016627867 0 0.5 800 999
812 -122.419895265033 37.7899160906538 0 0.5 800 999
813 -122.419895265033 37.7908155534405 0 0.5 800 999
814 -122.419895265033 37.7917150162272 0 0.5 800 999
815 -122.419895265033 37.7926144790139 0 0.5 800 999
816 -122.419895265033 37.7935139418006 0 0.5 800 999
817 -122.419895265033 37.7944134045873 0 0.5 800 999
818 -122.419895265033 37.795312867374 0 0.5 800 999
819 -122.419895265033 37.7962123301607 0 0.5 800 999
820 -122.419895265033 37.7971117929474 0 0.5 800 999
821 -122.419895265033 37.7980112557341 0 0.5 800 999
822 -122.419895265033 37.7989107185208 0 0.5 800 999
823 -122.419895265033 37.7998101813075 0 0.5 800 999
824 -122.419895265033 37.8007096440942 0 0.5 800 999
825 -122.419895265033 37.8016091068809 0 0.5 800 999
826 -122.419895265033 37.8025085696676 0 0.5 800 999
827 -122.419895265033 37.8034080324543 0 0.5 800 999
828 -122.419895265033 37.804307495241 0 0.5 800 999
829 -122.419895265033 37.8052069580277 0 0.5 800 999
830 -122.419895265033 37.8061064208144 0 0.5 800 999
831 -122.419895265033 37.8070058836011 0 0.5 800 999
832 -122.419895265033 37.8079053463878 0 0.5 800 999
833 -122.418757235635 37.780022 0 0.5 800 999
834 -122.418757235635 37.7809214627867 0 0.5 800 999
835 -122.418757235635 37.7818209255734 0 0.5 800 999
836 -122.418757235635 37.7827203883601 0 0.5 800 999
837 -122.418757235635 37.7836198511468 0 0.5 800 999
838 -122.418757235635 37.7845193139335 0 0.5 800 999
839 -122.418757235635 37.7854187767202 0 0.5 800 999
840 -122.418757235635 37.7863182395069 0 0.5 800 999
841 -122.418757235635 37.7872177022936 0 0.5 800 999
842 -122.418757235635 37.7881171650803 0 0.5 800 999
843 -122.418757235635 37.789016627867 0 0.5 800 999
844 -122.418757235635 37.7899160906538 0 0.5 800 999
845 -122.418757235635 37.7908155534405 0 0.5 800 999
846 -122.418757235635 37.7917150162272 0 0.5 800 999
847 -122.418757235635 37.7926144790139 0 0.5 800 999
848 -122.418757235635 37.7935139418006 0 0.5 800 999
849 -122.418757235635 37.7944134045873 0 0.5 800 999
850 -122.418757235635 37.795312867374 0 0.5 800 999
851 -122.418757235635 37.7962123301607 0 0.5 800 999
852 -122.418757235635 37.7971117929474 0 0.5 800 999
853 -122.418757235635 37.7980112557341 0 0.5 800 999
854 -122.418757235635 37.7989107185208 0 0.5 800 999
855 -122.418757235635 37.7998101813075 0 0.5 800 999
856 -122.418757235635 37.8007096440942 0 0.5 800 999
857 -122.418757235635 37.8016091068809 0 0.5 800 999
858 -122.418757235635 37.8025085696676 0 0.5 800 999
859 -122.418757235635 37.8034080324543 0 0.5 800 999
860 -122.418757235635 37.804307495241 0 0.5 800 999
861 -122.418757235635 37.8052069580277 0 0.5 800 999
862 -122.418757235635 37.8061064208144 0 0.5 800 999
863 -122.418757235635 37.8070058836011 0 0.5 800 999
864 -122.418757235635 37.8079053463878 0 0.5 800 999
865 -122.417619206236 37.780022 0 0.5 800 999
866 -122.417619206236 37.7809214627867 0 0.5 800 999
867 -122.417619206236 37.7818209255734 0 0.5 800 999
868 -122.417619206236 37.7827203883601 0 0.5 800 999
869 -122.417619206236 37.7836198511468 0 0.5 800 999
870 -122.417619206236 37.7845193139335 0 0.5 800 999
871 -122.417619206236 37.7854187767202 0 0.5 800 999
872 -122.417619206236 37.7863182395069 0 0.5 800 999
873 -122.417619206236 37.7872177022936 0 0.5 800 999
874 -122.417619206236 37.7881171650803 0 0.5 800 999
875 -122.417619206236 37.789016627867 0 0.5 800 999
876 -122.417619206236 37.7899160906538 0 0.5 800 999
877 -122.417619206236 37.7908155534405 0 0.5 800 999
878 -122.417619206236 37.7917150162272 0 0.5 800 999
879 -122.417619206236 37.7926144790139 0 0.5 800 999
880 -122.417619206236 37.7935139418006 0 0.5 800 999
881 -122.417619206236 37.7944134045873 0 0.5 800 999
882 -122.417619206236 37.795312867374 0 0.5 800 999
883 -122.417619206236 37.7962123301607 0 0.5 800 999
884 -122.417619206236 37.7971117929474 0 0.5 800 999
885 -122.417619206236 37.7980112557341 0 0.5 800 999
886 -122.417619206236 37.7989107185208 0 0.5 800 999
887 -122.417619206236 37.7998101813075 0 0.5 800 999
888 -122.417619206236 37.8007096440942 0 0.5 800 999
889 -122.417619206236 37.8016091068809 0 0.5 800 999
890 -122.417619206236 37.8025085696676 0 0.5 800 999
891 -122.417619206236 37.8034080324543 0 0.5 800 999
892 -122.417619206236 37.804307495241 0 0.5 800 999
893 -122.417619206236 37.8052069580277 0 0.5 800 999
894 -122.417619206236 37.8061064208144 0 0.5 800 999
895 -122.417619206236 37.8070058836011 0 0.5 800 999
896 -122.417619206236 37.8079053463878 0 0.5 800 999
897 -122.416481176837 37.780022 0 0.5 800 999
898 -122.416481176837 37.7809214627867 0 0.5 800 999
899 -122.416481176837 37.7818209255734 0 0.5 800 999
900 -122.416481176837 37.7827203883601 0 0.5 800 999
901 -122.416481176837 37.7836198511468 0 0.5 800 999
902 -122.416481176837 37.7845193139335 0 0.5 800 999
903 -122.416481176837 37.7854187767202 0 0.5 800 999
904 -122.416481176837 37.7863182395069 0 0.5 800 999
905 -122.416481176837 37.7872177022936 0 0.5 800 999
906 -122.416481176837 37.7881171650803 0 0.5 800 999
907 -122.416481176837 37.789016627867 0 0.5 800 999
908 -122.416481176837 37.7899160906538 0 0.5 800 999
909 -122.416481176837 37.7908155534405 0 0.5 800 999
910 -122.416481176837 37.7917150162272 0 0.5 800 999
911 -122.416481176837 37.7926144790139 0 0.5 800 999
912 -122.416481176837 37.7935139418006 0 0.5 800 999
913 -122.416481176837 37.7944134045873 0 0.5 800 999
914 -122.416481176837 37.795312867374 0 0.5 800 999
915 -122.416481176837 37.7962123301607 0 0.5 800 999
916 -122.416481176837 37.7971117929474 0 0.5 800 999
917 -122.416481176837 37.7980112557341 0 0.5 800 999
918 -122.416481176837 37.7989107185208 0 0.5 800 999
919 -122.416481176837 37.7998101813075 0 0.5 800 999
920 -122.416481176837 37.8007096440942 0 0.5 800 999
921 -122.416481176837 37.8016091068809 0 0.5 800 999
922 -122.416481176837 37.8025085696676 0 0.5 800 999
923 -122.416481176837 37.8034080324543 0 0.5 800 999
924 -122.416481176837 37.804307495241 0 0.5 800 999
925 -122.416481176837 37.8052069580277 0 0.5 800 999
926 -122.416481176837 37.8061064208144 0 0.5 800 999
927 -122.416481176837 37.8070058836011 0 0.5 800 999
928 -122.416481176837 37.8079053463878 0 0.5 800 999
929 -122.415343147439 37.780022 0 0.5 800 999
930 -122.415343147439 37.7809214627867 0 0.5 800 999
931 -122.415343147439 37.7818209255734 0 0.5 800 999
932 -122.415343147439 37.7827203883601 0 0.5 800 999
933 -122.415343147439 37.7836198511468 0 0.5 800 999
934 -122.415343147439 37.7845193139335 0 0.5 800 999
935 -122.415343147439 37.7854187767202 0 0.5 800 999
936 -122.415343147439 37.7863182395069 0 0.5 800 999
937 -122.415343147439 37.7872177022936 0 0.5 800 999
938 -122.415343147439 37.7881171650803 0 0.5 800 999
939 -122.415343147439 37.789016627867 0 0.5 800 999
940 -122.415343147439 37.7899160906538 0 0.5 800 999
941 -122.415343147439 37.7908155534405 0 0.5 800 999
942 -122.415343147439 37.7917150162272 0 0.5 800 999
943 -122.415343147439 37.7926144790139 0 0.5 800 999
944 -122.415343147439 37.7935139418006 0 0.5 800 999
945 -122.415343147439 37.7944134045873 0 0.5 800 999
946 -122.415343147439 37.795312867374 0 0.5 800 999
947 -122.415343147439 37.7962123301607 0 0.5 800 999
948 -122.415343147439 37.7971117929474 0 0.5 800 999
949 -122.415343147439 37.7980112557341 0 0.5 800 999
950 -122.415343147439 37.7989107185208 0 0.5 800 999
951 -122.415343147439 37.7998101813075 0 0.5 800 999
952 -122.415343147439 37.8007096440942 0 0.5 800 999
953 -122.415343147439 37.8016091068809 0 0.5 800 999
954 -122.415343147439 37.8025085696676 0 0.5 800 999
955 -122.415343147439 37.8034080324543 0 0.5 800 999
956 -122.415343147439 37.804307495241 0 0.5 800 999
957 -122.415343147439 37.8052069580277 0 0.5 800 999
958 -122.415343147439 37.8061064208144 0 0.5 800 999
959 -122.415343147439 37.8070058836011 0 0.5 800 999
960 -122.415343147439 37.8079053463878 0 0.5 800 999
961 -122.41420511804 37.780022 0 0.5 800 999
962 -122.41420511804 37.7809214627867 0 0.5 800 999
963 -122.41420511804 37.7818209255734 0 0.5 800 999
964 -122.41420511804 37.7827203883601 0 0.5 800 999
965 -122.41420511804 37.7836198511468 0 0.5 800 999
966 -122.41420511804 37.7845193139335 0 0.5 800 999
967 -122.41420511804 37.7854187767202 0 0.5 800 999
968 -122.41420511804 37.7863182395069 0 0.5 800 999
969 -122.41420511804 37.7872177022936 0 0.5 800 999
970 -122.41420511804 37.7881171650803 0 0.5 800 999
971 -122.41420511804 37.789016627867 0 0.5 800 999
972 -122.41420511804 37.7899160906538 0 0.5 800 999
973 -122.41420511804 37.7908155534405 0 0.5 800 999
974 -122.41420511804 37.7917150162272 0 0.5 800 999
975 -122.41420511804 37.7926144790139 0 0.5 800 999
976 -122.41420511804 37.7935139418006 0 0.5 800 999
977 -122.41420511804 37.7944134045873 0 0.5 800 999
978 -122.41420511804 37.795312867374 0 0.5 800 999
979 -122.41420511804 37.7962123301607 0 0.5 800 999
980 -122.41420511804 37.7971117929474 0 0.5 800 999
981 -122.41420511804 37.7980112557341 0 0.5 800 999
982 -122.41420511804 37.7989107185208 0 0.5 800 999
983 -122.41420511804 37.7998101813075 0 0.5 800 999
984 -122.41420511804 37.8007096440942 0 0.5 800 999
985 -122.41420511804 37.8016091068809 0 0.5 800 999
986 -122.41420511804 37.8025085696676 0 0.5 800 999
987 -122.41420511804 37.8034080324543 0 0.5 800 999
988 -122.41420511804 37.804307495241 0 0.5 800 999
989 -122.41420511804 37.8052069580277 0 0.5 800 999
990 -122.41420511804 37.8061064208144 0 0.5 800 999
991 -122.41420511804 37.8070058836011 0 0.5 800 999
992 -122.41420511804 37.8079053463878 0 0.5 800 999
993 -122.413067088641 37.780022 0 0.5 800 999
994 -122.413067088641 37.7809214627867 0 0.5 800 999
995 -122.413067088641 37.7818209255734 0 0.5 800 999
996 -122.413067088641 37.7827203883601 0 0.5 800 999
997 -122.413067088641 37.7836198511468 0 0.5 800 999
998 -122.413067088641 37.7845193139335 0 0.5 800 999
999 -122.413067088641 37.7854187767202 0 0.5 800 999
1000 -122.413067088641 37.7863182395069 0 0.5 800 999
1001 -122.413067088641 37.7872177022936 0 0.5 800 999
1002 -122.413067088641 37.7881171650803 0 0.5 800 999
1003 -122.413067088641 37.789016627867 0 0.5 800 999
1004 -122.413067088641 37.7899160906538 0 0.5 800 999
1005 -122.413067088641 37.7908155534405 0 0.5 800 999
1006 -122.413067088641 37.7917150162272 0 0.5 800 999
1007 -122.413067088641 37.7926144790139 0 0.5 800 999
1008 -122.413067088641 37.7935139418006 0 0.5 800 999
1009 -122.413067088641 37.7944134045873 0 0.5 800 999
1010 -122.413067088641 37.795312867374 0 0.5 800 999
1011 -122.413067088641 37.7962123301607 0 0.5 800 999
1012 -122.413067088641 37.7971117929474 0 0.5 800 999
1013 -122.413067088641 37.7980112557341 0 0.5 800 999
1014 -122.413067088641 37.7989107185208 0 0.5 800 999
1015 -122.413067088641 37.7998101813075 0 0.5 800 999
1016 -122.413067088641 37.8007096440942 0 0.5 800 999
1017 -122.413067088641 37.8016091068809 0 0.5 800 999
1018 -122.413067088641 37.8025085696676 0 0.5 800 999
1019 -122.413067088641 37.8034080324543 0 0.5 800 999
1020 -122.413067088641 37.804307495241 0 0.5 800 999
1021 -122.413067088641 37.8052069580277 0 0.5 800 999
1022 -122.413067088641 37.8061064208144 0 0.5 800 999
1023 -122.413067088641 37.8070058836011 0 0.5 800 999
1024 -122.413067088641 37.8079053463878 0 0.5 800 999
1025 -122.411929059243 37.780022 0 0.5 800 999
1026 -122.411929059243 37.7809214627867 0 0.5 800 999
1027 -122.411929059243 37.7818209255734 0 0.5 800 999
1028 -122.411929059243 37.7827203883601 0 0.5 800 999
1029 -122.411929059243 37.7836198511468 0 0.5 800 999
1030 -122.411929059243 37.7845193139335 0 0.5 800 999
1031 -122.411929059243 37.7854187767202 0 0.5 800 999
1032 -122.411929059243 37.7863182395069 0 0.5 800 999
1033 -122.411929059243 37.7872177022936 0 0.5 800 999
1034 -122.411929059243 37.7881171650803 0 0.5 800 999
1035 -122.411929059243 37.789016627867 0 0.5 800 999
1036 -122.411929059243 37.7899160906538 0 0.5 800 999
1037 -122.411929059243 37.7908155534405 0 0.5 800 999
1038 -122.411929059243 37.7917150162272 0 0.5 800 999
1039 -122.411929059243 37.7926144790139 0 0.5 800 999
1040 -122.411929059243 37.7935139418006 0 0.5 800 999
1041 -122.411929059243 37.7944134045873 0 0.5 800 999
1042 -122.411929059243 37.795312867374 0 0.5 800 999
1043 -122.411929059243 37.7962123301607 0 0.5 800 999
1044 -122.411929059243 37.7971117929474 0 0.5 800 999
1045 -122.411929059243 37.7980112557341 0 0.5 800 999
1046 -122.411929059243 37.7989107185208 0 0.5 800 999
1047 -122.411929059243 37.7998101813075 0 0.5 800 999
1048 -122.411929059243 37.8007096440942 0 0.5 800 999
1049 -122.411929059243 37.8016091068809 0 0.5 800 999
1050 -122.411929059243 37.8025085696676 0 0.5 800 999
1051 -122.411929059243 37.8034080324543 0 0.5 800 999
1052 -122.411929059243 37.804307495241 0 0.5 800 999
1053 -122.411929059243 37.8052069580277 0 0.5 800 999
1054 -122.411929059243 37.8061064208144 0 0.5 800 999
1055 -122.411929059243 37.8070058836011 0 0.5 800 999
1056 -122.411929059243 37.8079053463878 0 0.5 800 999
1057 -122.410791029844 37.780022 0 0.5 800 999
1058 -122.410791029844 37.7809214627867 0 0.5 800 999
1059 -122.410791029844 37.7818209255734 0 0.5 800 999
1060 -122.410791029844 37.7827203883601 0 0.5 800 999
1061 -122.410791029844 37.7836198511468 0 0.5 800 999
1062 -122.410791029844 37.7845193139335 0 0.5 800 999
1063 -122.410791029844 37.7854187767202 0 0.5 800 999
1064 -122.410791029844 37.7863182395069 0 0.5 800 999
1065 -122.410791029844 37.7872177022936 0 0.5 800 999
1066 -122.410791029844 37.7881171650803 0 0.5 800 999
1067 -122.410791029844 37.789016627867 0 0.5 800 999
1068 -122.410791029844 37.7899160906538 0 0.5 800 999
1069 -122.410791029844 37.7908155534405 0 0.5 800 999
1070 -122.410791029844 37.7917150162272 0 0.5 800 999
1071 -122.410791029844 37.7926144790139 0 0.5 800 999
1072 -122.410791029844 37.7935139418006 0 0.5 800 999
1073 -122.410791029844 37.7944134045873 0 0.5 800 999
1074 -122.410791029844 37.795312867374 0 0.5 800 999
1075 -122.410791029844 37.7962123301607 0 0.5 800 999
1076 -122.410791029844 37.7971117929474 0 0.5 800 999
1077 -122.410791029844 37.7980112557341 0 0.5 800 999
1078 -122.410791029844 37.7989107185208 0 0.5 800 999
1079 -122.410791029844 37.7998101813075 0 0.5 800 999
1080 -122.410791029844 37.8007096440942 0 0.5 800 999
1081 -122.410791029844 37.8016091068809 0 0.5 800 999
1082 -122.410791029844 37.8025085696676 0 0.5 800 999
1083 -122.410791029844 37.8034080324543 0 0.5 800 999
1084 -122.410791029844 37.804307495241 0 0.5 800 999
1085 -122.410791029844 37.8052069580277 0 0.5 800 999
1086 -122.410791029844 37.8061064208144 0 0.5 800 999
1087 -122.410791029844 37.8070058836011 0 0.5 800 999
1088 -122.410791029844 37.8079053463878 0 0.5 800 999
1089 -122.409653000445 37.780022 0 0.5 800 999
1090 -122.409653000445 37.7809214627867 0 0.5 800 999
1091 -122.409653000445 37.7818209255734 0 0.5 800 999
1092 -122.409653000445 37.7827203883601 0 0.5 800 999
1093 -122.409653000445 37.7836198511468 0 0.5 800 999
1094 -122.409653000445 37.7845193139335 0 0.5 800 999
1095 -122.409653000445 37.7854187767202 0 0.5 800 999
1096 -122.409653000445 37.7863182395069 0 0.5 800 999
1097 -122.409653000445 37.7872177022936 0 0.5 800 999
1098 -122.409653000445 37.7881171650803 0 0.5 800 999
1099 -122.409653000445 37.789016627867 0 0.5 800 999
1100 -122.409653000445 37.7899160906538 0 0.5 800 999
1101 -122.409653000445 37.7908155534405 0 0.5 800 999
1102 -122.409653000445 37.7917150162272 0 0.5 800 999
1103 -122.409653000445 37.7926144790139 0 0.5 800 999
1104 -122.409653000445 37.7935139418006 0 0.5 800 999
1105 -122.409653000445 37.7944134045873 0 0.5 800 999
1106 -122.409653000445 37.795312867374 0 0.5 800 999
1107 -122.409653000445 37.7962123301607 0 0.5 800 999
1108 -122.409653000445 37.7971117929474 0 0.5 800 999
1109 -122.409653000445 37.7980112557341 0 0.5 800 999
1110 -122.409653000445 37.7989107185208 0 0.5 800 999
1111 -122.409653000445 37.7998101813075 0 0.5 800 999
1112 -122.409653000445 37.8007096440942 0 0.5 800 999
1113 -122.409653000445 37.8016091068809 0 0.5 800 999
1114 -122.409653000445 37.8025085696676 0 0.5 800 999
1115 -122.409653000445 37.8034080324543 0 0.5 800 999
1116 -122.409653000445 37.804307495241 0 0.5 800 999
1117 -122.409653000445 37.8052069580277 0 0.5 800 999
1118 -122.409653000445 37.8061064208144 0 0.5 800 999
1119 -122.409653000445 37.8070058836011 0 0.5 800 999
1120 -122.409653000445 37.8079053463878 0 0.5 800 999
1121 -122.408514971047 37.780022 0 0.5 800 999
1122 -122.408514971047 37.7809214627867 0 0.5 800 999
1123 -122.408514971047 37.7818209255734 0 0.5 800 999
1124 -122.408514971047 37.7827203883601 0 0.5 800 999
1125 -122.408514971047 37.7836198511468 0 0.5 800 999
1126 -122.408514971047 37.7845193139335 0 0.5 800 999
1127 -122.408514971047 37.7854187767202 0 0.5 800 999
1128 -122.408514971047 37.7863182395069 0 0.5 800 999
1129 -122.408514971047 37.7872177022936 0 0.5 800 999
1130 -122.408514971047 37.7881171650803 0 0.5 800 999
1131 -122.408514971047 37.789016627867 0 0.5 800 999
1132 -122.408514971047 37.7899160906538 0 0.5 800 999
1133 -122.408514971047 37.7908155534405 0 0.5 800 999
1134 -122.408514971047 37.7917150162272 0 0.5 800 999
1135 -122.408514971047 37.7926144790139 0 0.5 800 999
1136 -122.408514971047 37.7935139418006 0 0.5 800 999
1137 -122.408514971047 37.7944134045873 0 0.5 800 999
1138 -122.408514971047 37.795312867374 0 0.5 800 999
1139 -122.408514971047 37.7962123301607 0 0.5 800 999
1140 -122.408514971047 37.7971117929474 0 0.5 800 999
1141 -122.408514971047 37.7980112557341 0 0.5 800 999
1142 -122.408514971047 37.7989107185208 0 0.5 800 999
1143 -122.408514971047 37.7998101813075 0 0.5 800 999
1144 -122.408514971047 37.8007096440942 0 0.5 800 999
1145 -122.408514971047 37.8016091068809 0 0.5 800 999
1146 -122.408514971047 37.8025085696676 0 0.5 800 999
1147 -122.408514971047 37.8034080324543 0 0.5 800 999
1148 -122.408514971047 37.804307495241 0 0.5 800 999
1149 -122.408514971047 37.8052069580277 0 0.5 800 999
1150 -122.408514971047 37.8061064208144 0 0.5 800 999
1151 -122.408514971047 37.8070058836011 0 0.5 800 999
1152 -122.408514971047 37.8079053463878 0 0.5 800 999
1153 -122.407376941648 37.780022 0 0.5 800 999
1154 -122.407376941648 37.7809214627867 0 0.5 800 999
1155 -122.407376941648 37.7818209255734 0 0.5 800 999
1156 -122.407376941648 37.7827203883601 0 0.5 800 999
1157 -122.407376941648 37.7836198511468 0 0.5 800 999
1158 -122.407376941648 37.7845193139335 0 0.5 800 999
1159 -122.407376941648 37.7854187767202 0 0.5 800 999
1160 -122.407376941648 37.7863182395069 0 0.5 800 999
1161 -122.407376941648 37.7872177022936 0 0.5 800 999
1162 -122.407376941648 37.7881171650803 0 0.5 800 999
1163 -122.407376941648 37.789016627867 0 0.5 800 999
1164 -122.407376941648 37.7899160906538 0 0.5 800 999
1165 -122.407376941648 37.7908155534405 0 0.5 800 999
1166 -122.407376941648 37.7917150162272 0 0.5 800 999
1167 -122.407376941648 37.7926144790139 0 0.5 800 999
1168 -122.407376941648 37.7935139418006 0 0.5 800 999
1169 -122.407376941648 37.7944134045873 0 0.5 800 999
1170 -122.407376941648 37.795312867374 0 0.5 800 999
1171 -122.407376941648 37.7962123301607 0 0.5 800 999
1172 -122.407376941648 37.7971117929474 0 0.5 800 999
1173 -122.407376941648 37.7980112557341 0 0.5 800 999
1174 -122.407376941648 37.7989107185208 0 0.5 800 999
1175 -122.407376941648 37.7998101813075 0 0.5 800 999
1176 -122.407376941648 37.8007096440942 0 0.5 800 999
1177 -122.407376941648 37.8016091068809 0 0.5 800 999
1178 -122.407376941648 37.8025085696676 0 0.5 800 999
1179 -122.407376941648 37.8034080324543 0 0.5 800 999
1180 -122.407376941648 37.804307495241 0 0.5 800 999
1181 -122.407376941648 37.8052069580277 0 0.5 800 999
1182 -122.407376941648 37.8061064208144 0 0.5 800 999
1183 -122.407376941648 37.8070058836011 0 0.5 800 999
1184 -122.407376941648 37.8079053463878 0 0.5 800 999
1185 -122.406238912249 37.780022 0 0.5 800 999
1186 -122.406238912249 37.7809214627867 0 0.5 800 999
1187 -122.406238912249 37.7818209255734 0 0.5 800 999
1188 -122.406238912249 37.7827203883601 0 0.5 800 999
1189 -122.406238912249 37.7836198511468 0 0.5 800 999
1190 -122.406238912249 37.7845193139335 0 0.5 800 999
1191 -122.406238912249 37.7854187767202 0 0.5 800 999
1192 -122.406238912249 37.7863182395069 0 0.5 800 999
1193 -122.406238912249 37.7872177022936 0 0.5 800 999
1194 -122.406238912249 37.7881171650803 0 0.5 800 999
1195 -122.406238912249 37.789016627867 0 0.5 800 999
1196 -122.406238912249 37.7899160906538 0 0.5 800 999
1197 -122.406238912249 37.7908155534405 0 0.5 800 999
1198 -122.406238912249 37.7917150162272 0 0.5 800 999
1199 -122.406238912249 37.7926144790139 0 0.5 800 999
1200 -122.406238912249 37.7935139418006 0 0.5 800 999
1201 -122.406238912249 37.7944134045873 0 0.5 800 999
1202 -122.406238912249 37.795312867374 0 0.5 800 999
1203 -122.406238912249 37.7962123301607 0 0.5 800 999
1204 -122.406238912249 37.7971117929474 0 0.5 800 999
1205 -122.406238912249 37.7980112557341 0 0.5 800 999
1206 -122.406238912249 37.7989107185208 0 0.5 800 999
1207 -122.406238912249 37.7998101813075 0 0.5 800 999
1208 -122.406238912249 37.8007096440942 0 0.5 800 999
1209 -122.406238912249 37.8016091068809 0 0.5 800 999
1210 -122.406238912249 37.8025085696676 0 0.5 800 999
1211 -122.406238912249 37.8034080324543 0 0.5 800 999
1212 -122.406238912249 37.804307495241 0 0.5 800 999
1213 -122.406238912249 37.8052069580277 0 0.5 800 999
1214 -122.406238912249 37.8061064208144 0 0.5 800 999
1215 -122.406238912249 37.8070058836011 0 0.5 800 999
1216 -122.406238912249 37.8079053463878 0 0.5 800 999
1217 -122.405100882851 37.780022 0 0.5 800 999
1218 -122.405100882851 37.7809214627867 0 0.5 800 999
1219 -122.405100882851 37.7818209255734 0 0.5 800 999
1220 -122.405100882851 37.7827203883601 0 0.5 800 999
1221 -122.405100882851 37.7836198511468 0 0.5 800 999
1222 -122.405100882851 37.7845193139335 0 0.5 800 999
1223 -122.405100882851 37.7854187767202 0 0.5 800 999
1224 -122.405100882851 37.7863182395069 0 0.5 800 999
1225 -122.405100882851 37.7872177022936 0 0.5 800 999
1226 -122.405100882851 37.7881171650803 0 0.5 800 999
1227 -122.405100882851 37.789016627867 0 0.5 800 999
1228 -122.405100882851 37.7899160906538 0 0.5 800 999
1229 -122.405100882851 37.7908155534405 0 0.5 800 999
1230 -122.405100882851 37.7917150162272 0 0.5 800 999
1231 -122.405100882851 37.7926144790139 0 0.5 800 999
1232 -122.405100882851 37.7935139418006 0 0.5 800 999
1233 -122.405100882851 37.7944134045873 0 0.5 800 999
1234 -122.405100882851 37.795312867374 0 0.5 800 999
1235 -122.405100882851 37.7962123301607 0 0.5 800 999
1236 -122.405100882851 37.7971117929474 0 0.5 800 999
1237 -122.405100882851 37.7980112557341 0 0.5 800 999
1238 -122.405100882851 37.7989107185208 0 0.5 800 999
1239 -122.405100882851 37.7998101813075 0 0.5 800 999
1240 -122.405100882851 37.8007096440942 0 0.5 800 999
1241 -122.405100882851 37.8016091068809 0 0.5 800 999
1242 -122.405100882851 37.8025085696676 0 0.5 800 999
1243 -122.405100882851 37.8034080324543 0 0.5 800 999
1244 -122.405100882851 37.804307495241 0 0.5 800 999
1245 -122.405100882851 37.8052069580277 0 0.5 800 999
1246 -122.405100882851 37.8061064208144 0 0.5 800 999
1247 -122.405100882851 37.8070058836011 0 0.5 800 999
1248 -122.405100882851 37.8079053463878 0 0.5 800 999
1249 -122.403962853452 37.780022 0 0.5 800 999
1250 -122.403962853452 37.7809214627867 0 0.5 800 999
1251 -122.403962853452 37.7818209255734 0 0.5 800 999
1252 -122.403962853452 37.7827203883601 0 0.5 800 999
1253 -122.403962853452 37.7836198511468 0 0.5 800 999
1254 -122.403962853452 37.7845193139335 0 0.5 800 999
1255 -122.403962853452 37.7854187767202 0 0.5 800 999
1256 -122.403962853452 37.7863182395069 0 0.5 800 999
1257 -122.403962853452 37.7872177022936 0 0.5 800 999
1258 -122.403962853452 37.7881171650803 0 0.5 800 999
1259 -122.403962853452 37.789016627867 0 0.5 800 999
1260 -122.403962853452 37.7899160906538 0 0.5 800 999
1261 -122.403962853452 37.7908155534405 0 0.5 800 999
1262 -122.403962853452 37.7917150162272 0 0.5 800 999
1263 -122.403962853452 37.7926144790139 0 0.5 800 999
1264 -122.403962853452 37.7935139418006 0 0.5 800 999
1265 -122.403962853452 37.7944134045873 0 0.5 800 999
1266 -122.403962853452 37.795312867374 0 0.5 800 999
1267 -122.403962853452 37.7962123301607 0 0.5 800 999
1268 -122.403962853452 37.7971117929474 0 0.5 800 999
1269 -122.403962853452 37.7980112557341 0 0.5 800 999
1270 -122.403962853452 37.7989107185208 0 0.5 800 999
1271 -122.403962853452 37.7998101813075 0 0.5 800 999
1272 -122.403962853452 37.8007096440942 0 0.5 800 999
1273 -122.403962853452 37.8016091068809 0 0.5 800 999
1274 -122.403962853452 37.8025085696676 0 0.5 800 999
1275 -122.403962853452 37.8034080324543 0 0.5 800 999
1276 -122.403962853452 37.804307495241 0 0.5 800 999
1277 -122.403962853452 37.8052069580277 0 0.5 800 999
1278 -122.403962853452 37.8061064208144 0 0.5 800 999
1279 -122.403962853452 37.8070058836011 0 0.5 800 999
1280 -122.403962853452 37.8079053463878 0 0.5 800 999
1281 -122.402824824053 37.780022 0 0.5 800 999
1282 -122.402824824053 37.7809214627867 0 0.5 800 999
1283 -122.402824824053 37.7818209255734 0 0.5 800 999
1284 -122.402824824053 37.7827203883601 0 0.5 800 999
1285 -122.402824824053 37.7836198511468 0 0.5 800 999
1286 -122.402824824053 37.7845193139335 0 0.5 800 999
1287 -122.402824824053 37.7854187767202 0 0.5 800 999
1288 -122.402824824053 37.7863182395069 0 0.5 800 999
1289 -122.402824824053 37.7872177022936 0 0.5 800 999
1290 -122.402824824053 37.7881171650803 0 0.5 800 999
1291 -122.402824824053 37.789016627867 0 0.5 800 999
1292 -122.402824824053 37.7899160906538 0 0.5 800 999
1293 -122.402824824053 37.7908155534405 0 0.5 800 999
1294 -122.402824824053 37.7917150162272 0 0.5 800 999
1295 -122.402824824053 37.7926144790139 0 0.5 800 999
1296 -122.402824824053 37.7935139418006 0 0.5 800 999
1297 -122.402824824053 37.7944134045873 0 0.5 800 999
1298 -122.402824824053 37.795312867374 0 0.5 800 999
1299 -122.402824824053 37.7962123301607 0 0.5 800 999
1300 -122.402824824053 37.7971117929474 0 0.5 800 999
1301 -122.402824824053 37.7980112557341 0 0.5 800 999
1302 -122.402824824053 37.7989107185208 0 0.5 800 999
1303 -122.402824824053 37.7998101813075 0 0.5 800 999
1304 -122.402824824053 37.8007096440942 0 0.5 800 999
1305 -122.402824824053 37.8016091068809 0 0.5 800 999
1306 -122.402824824053 37.8025085696676 0 0.5 800 999
1307 -122.402824824053 37.8034080324543 0 0.5 800 999
1308 -122.402824824053 37.804307495241 0 0.5 800 999
1309 -122.402824824053 37.8052069580277 0 0.5 800 999
1310 -122.402824824053 37.8061064208144 0 0.5 800 999
1311 -122.402824824053 37.8070058836011 0 0.5 800 999
1312 -122.402824824053 37.8079053463878 0 0.5 800 999
1313 -122.401686794655 37.780022 0 0.5 800 999
1314 -122.401686794655 37.7809214627867 0 0.5 800 999
1315 -122.401686794655 37.7818209255734 0 0.5 800 999
1316 -122.401686794655 37.7827203883601 0 0.5 800 999
1317 -122.401686794655 37.7836198511468 0 0.5 800 999
1318 -122.401686794655 37.7845193139335 0 0.5 800 999
1319 -122.401686794655 37.7854187767202 0 0.5 800 999
1320 -122.401686794655 37.7863182395069 0 0.5 800 999
1321 -122.401686794655 37.7872177022936 0 0.5 800 999
1322 -122.401686794655 37.7881171650803 0 0.5 800 999
1323 -122.401686794655 37.789016627867 0 0.5 800 999
1324 -122.401686794655 37.7899160906538 0 0.5 800 999
1325 -122.401686794655 37.7908155534405 0 0.5 800 999
1326 -122.401686794655 37.7917150162272 0 0.5 800 999
1327 -122.401686794655 37.7926144790139 0 0.5 800 999
1328 -122.401686794655 37.7935139418006 0 0.5 800 999
1329 -122.401686794655 37.7944134045873 0 0.5 800 999
1330 -122.401686794655 37.795312867374 0 0.5 800 999
1331 -122.401686794655 37.7962123301607 0 0.5 800 999
1332 -122.401686794655 37.7971117929474 0 0.5 800 999
1333 -122.401686794655 37.7980112557341 0 0.5 800 999
1334 -122.401686794655 37.7989107185208 0 0.5 800 999
1335 -122.401686794655 37.7998101813075 0 0.5 800 999
1336 -122.401686794655 37.8007096440942 0 0.5 800 999
1337 -122.401686794655 37.8016091068809 0 0.5 800 999
1338 -122.401686794655 37.8025085696676 0 0.5 800 999
1339 -122.401686794655 37.8034080324543 0 0.5 800 999
1340 -122.401686794655 37.804307495241 0 0.5 800 999
1341 -122.401686794655 37.8052069580277 0 0.5 800 999
1342 -122.401686794655 37.8061064208144 0 0.5 800 999
1343 -122.401686794655 37.8070058836011 0 0.5 800 999
1344 -122.401686794655 37.8079053463878 0 0.5 800 999
1345 -122.400548765256 37.780022 0 0.5 800 999
1346 -122.400548765256 37.7809214627867 0 0.5 800 999
1347 -122.400548765256 37.7818209255734 0 0.5 800 999
1348 -122.400548765256 37.7827203883601 0 0.5 800 999
1349 -122.400548765256 37.7836198511468 0 0.5 800 999
1350 -122.400548765256 37.7845193139335 0 0.5 800 999
1351 -122.400548765256 37.7854187767202 0 0.5 800 999
1352 -122.400548765256 37.7863182395069 0 0.5 800 999
1353 -122.400548765256 37.7872177022936 0 0.5 800 999
1354 -122.400548765256 37.7881171650803 0 0.5 800 999
1355 -122.400548765256 37.789016627867 0 0.5 800 999
1356 -122.400548765256 37.7899160906538 0 0.5 800 999
1357 -122.400548765256 37.7908155534405 0 0.5 800 999
1358 -122.400548765256 37.7917150162272 0 0.5 800 999
1359 -122.400548765256 37.7926144790139 0 0.5 800 999
1360 -122.400548765256 37.7935139418006 0 0.5 800 999
1361 -122.400548765256 37.7944134045873 0 0.5 800 999
1362 -122.400548765256 37.795312867374 0 0.5 800 999
1363 -122.400548765256 37.7962123301607 0 0.5 800 999
1364 -122.400548765256 37.7971117929474 0 0.5 800 999
1365 -122.400548765256 37.7980112557341 0 0.5 800 999
1366 -122.400548765256 37.7989107185208 0 0.5 800 999
1367 -122.400548765256 37.7998101813075 0 0.5 800 999
1368 -122.400548765256 37.8007096440942 0 0.5 800 999
1369 -122.400548765256 37.8016091068809 0 0.5 800 999
1370 -122.400548765256 37.8025085696676 0 0.5 800 999
1371 -122.400548765256 37.8034080324543 0 0.5 800 999
1372 -122.400548765256 37.804307495241 0 0.5 800 999
1373 -122.400548765256 37.8052069580277 0 0.5 800 999
1374 -122.400548765256 37.8061064208144 0 0.5 800 999
1375 -122.400548765256 37.8070058836011 0 0.5 800 999
1376 -122.400548765256 37.8079053463878 0 0.5 800 999
1377 -122.399410735857 37.780022 0 0.5 800 999
1378 -122.399410735857 37.7809214627867 0 0.5 800 999
1379 -122.399410735857 37.7818209255734 0 0.5 800 999
1380 -122.399410735857 37.7827203883601 0 0.5 800 999
1381 -122.399410735857 37.7836198511468 0 0.5 800 999
1382 -122.399410735857 37.7845193139335 0 0.5 800 999
1383 -122.399410735857 37.7854187767202 0 0.5 800 999
1384 -122.399410735857 37.7863182395069 0 0.5 800 999
1385 -122.399410735857 37.7872177022936 0 0.5 800 999
1386 -122.399410735857 37.7881171650803 0 0.5 800 999
1387 -122.399410735857 37.789016627867 0 0.5 800 999
1388 -122.399410735857 37.7899160906538 0 0.5 800 999
1389 -122.399410735857 37.7908155534405 0 0.5 800 999
1390 -122.399410735857 37.7917150162272 0 0.5 800 999
1391 -122.399410735857 37.7926144790139 0 0.5 800 999
1392 -122.399410735857 37.7935139418006 0 0.5 800 999
1393 -122.399410735857 37.7944134045873 0 0.5 800 999
1394 -122.399410735857 37.795312867374 0 0.5 800 999
1395 -122.399410735857 37.7962123301607 0 0.5 800 999
1396 -122.399410735857 37.7971117929474 0 0.5 800 999
1397 -122.399410735857 37.7980112557341 0 0.5 800 999
1398 -122.399410735857 37.7989107185208 0 0.5 800 999
1399 -122.399410735857 37.7998101813075 0 0.5 800 999
1400 -122.399410735857 37.8007096440942 0 0.5 800 999
1401 -122.399410735857 37.8016091068809 0 0.5 800 999
1402 -122.399410735857 37.8025085696676 0 0.5 800 999
1403 -122.399410735857 37.8034080324543 0 0.5 800 999
1404 -122.399410735857 37.804307495241 0 0.5 800 999
1405 -122.399410735857 37.8052069580277 0 0.5 800 999
1406 -122.399410735857 37.8061064208144 0 0.5 800 999
1407 -122.399410735857 37.8070058836011 0 0.5 800 999
1408 -122.399410735857 37.8079053463878 0 0.5 800 999
1409 -122.398272706459 37.780022 0 0.5 800 999
1410 -122.398272706459 37.7809214627867 0 0.5 800 999
1411 -122.398272706459 37.7818209255734 0 0.5 800 999
1412 -122.398272706459 37.7827203883601 0 0.5 800 999
1413 -122.398272706459 37.7836198511468 0 0.5 800 999
1414 -122.398272706459 37.7845193139335 0 0.5 800 999
1415 -122.398272706459 37.7854187767202 0 0.5 800 999
1416 -122.398272706459 37.7863182395069 0 0.5 800 999
1417 -122.398272706459 37.7872177022936 0 0.5 800 999
1418 -122.398272706459 37.7881171650803 0 0.5 800 999
1419 -122.398272706459 37.789016627867 0 0.5 800 999
1420 -122.398272706459 37.7899160906538 0 0.5 800 999
1421 -122.398272706459 37.7908155534405 0 0.5 800 999
1422 -122.398272706459 37.7917150162272 0 0.5 800 999
1423 -122.398272706459 37.7926144790139 0 0.5 800 999
1424 -122.398272706459 37.7935139418006 0 0.5 800 999
1425 -122.398272706459 37.7944134045873 0 0.5 800 999
1426 -122.398272706459 37.795312867374 0 0.5 800 999
1427 -122.398272706459 37.7962123301607 0 0.5 800 999
1428 -122.398272706459 37.7971117929474 0 0.5 800 999
1429 -122.398272706459 37.7980112557341 0 0.5 800 999
1430 -122.398272706459 37.7989107185208 0 0.5 800 999
1431 -122.398272706459 37.7998101813075 0 0.5 800 999
1432 -122.398272706459 37.8007096440942 0 0.5 800 999
1433 -122.398272706459 37.8016091068809 0 0.5 800 999
1434 -122.398272706459 37.8025085696676 0 0.5 800 999
1435 -122.398272706459 37.8034080324543 0 0.5 800 999
1436 -122.398272706459 37.804307495241 0 0.5 800 999
1437 -122.398272706459 37.8052069580277 0 0.5 800 999
1438 -122.398272706459 37.8061064208144 0 0.5 800 999
1439 -122.398272706459 37.8070058836011 0 0.5 800 999
1440 -122.398272706459 37.8079053463878 0 0.5 800 999
