1  -27.4144  5.78672  
2  -27.4144  5.88674  
3  -27.4144  5.98676  
4  -27.4144  6.08678  
5  -27.4144  6.18681  
6  -27.4144  6.28683  
7  -27.4144  6.38685  
8  -27.4144  6.48687  
9  -27.4144  6.58689  
10  -27.4144  6.68692  
11  -27.4144  6.78694  
12  -27.4144  6.88696  
13  -27.4144  6.98698  
14  -27.4144  7.087  
15  -27.4144  7.18702  
16  -27.4144  7.28705  
17  -27.4144  7.38707  
18  -27.4144  7.48709  
19  -27.4144  7.58711  
20  -27.4144  7.68713  
21  -27.4144  7.78716  
22  -27.4144  7.88718  
23  -27.4144  7.9872  
24  -27.4144  8.08722  
25  -27.4144  8.18724  
26  -27.4144  8.28727  
27  -27.4144  8.38729  
28  -27.4144  8.48731  
29  -27.4144  8.58733  
30  -27.4144  8.68735  
31  -27.4144  8.78737  
32  -27.4144  8.8874  
33  -27.3143  5.78672  
34  -27.3143  5.88674  
35  -27.3143  5.98676  
36  -27.3143  6.08678  
37  -27.3143  6.18681  
38  -27.3143  6.28683  
39  -27.3143  6.38685  
40  -27.3143  6.48687  
41  -27.3143  6.58689  
42  -27.3143  6.68692  
43  -27.3143  6.78694  
44  -27.3143  6.88696  
45  -27.3143  6.98698  
46  -27.3143  7.087  
47  -27.3143  7.18702  
48  -27.3143  7.28705  
49  -27.3143  7.38707  
50  -27.3143  7.48709  
51  -27.3143  7.58711  
52  -27.3143  7.68713  
53  -27.3143  7.78716  
54  -27.3143  7.88718  
55  -27.3143  7.9872  
56  -27.3143  8.08722  
57  -27.3143  8.18724  
58  -27.3143  8.28727  
59  -27.3143  8.38729  
60  -27.3143  8.48731  
61  -27.3143  8.58733  
62  -27.3143  8.68735  
63  -27.3143  8.78737  
64  -27.3143  8.8874  
65  -27.2142  5.78672  
66  -27.2142  5.88674  
67  -27.2142  5.98676  
68  -27.2142  6.08678  
69  -27.2142  6.18681  
70  -27.2142  6.28683  
71  -27.2142  6.38685  
72  -27.2142  6.48687  
73  -27.2142  6.58689  
74  -27.2142  6.68692  
75  -27.2142  6.78694  
76  -27.2142  6.88696  
77  -27.2142  6.98698  
78  -27.2142  7.087  
79  -27.2142  7.18702  
80  -27.2142  7.28705  
81  -27.2142  7.38707  
82  -27.2142  7.48709  
83  -27.2142  7.58711  
84  -27.2142  7.68713  
85  -27.2142  7.78716  
86  -27.2142  7.88718  
87  -27.2142  7.9872  
88  -27.2142  8.08722  
89  -27.2142  8.18724  
90  -27.2142  8.28727  
91  -27.2142  8.38729  
92  -27.2142  8.48731  
93  -27.2142  8.58733  
94  -27.2142  8.68735  
95  -27.2142  8.78737  
96  -27.2142  8.8874  
97  -27.1141  5.78672  
98  -27.1141  5.88674  
99  -27.1141  5.98676  
100  -27.1141  6.08678  
101  -27.1141  6.18681  
102  -27.1141  6.28683  
103  -27.1141  6.38685  
104  -27.1141  6.48687  
105  -27.1141  6.58689  
106  -27.1141  6.68692  
107  -27.1141  6.78694  
108  -27.1141  6.88696  
109  -27.1141  6.98698  
110  -27.1141  7.087  
111  -27.1141  7.18702  
112  -27.1141  7.28705  
113  -27.1141  7.38707  
114  -27.1141  7.48709  
115  -27.1141  7.58711  
116  -27.1141  7.68713  
117  -27.1141  7.78716  
118  -27.1141  7.88718  
119  -27.1141  7.9872  
120  -27.1141  8.08722  
121  -27.1141  8.18724  
122  -27.1141  8.28727  
123  -27.1141  8.38729  
124  -27.1141  8.48731  
125  -27.1141  8.58733  
126  -27.1141  8.68735  
127  -27.1141  8.78737  
128  -27.1141  8.8874  
129  -27.014  5.78672  
130  -27.014  5.88674  
131  -27.014  5.98676  
132  -27.014  6.08678  
133  -27.014  6.18681  
134  -27.014  6.28683  
135  -27.014  6.38685  
136  -27.014  6.48687  
137  -27.014  6.58689  
138  -27.014  6.68692  
139  -27.014  6.78694  
140  -27.014  6.88696  
141  -27.014  6.98698  
142  -27.014  7.087  
143  -27.014  7.18702  
144  -27.014  7.28705  
145  -27.014  7.38707  
146  -27.014  7.48709  
147  -27.014  7.58711  
148  -27.014  7.68713  
149  -27.014  7.78716  
150  -27.014  7.88718  
151  -27.014  7.9872  
152  -27.014  8.08722  
153  -27.014  8.18724  
154  -27.014  8.28727  
155  -27.014  8.38729  
156  -27.014  8.48731  
157  -27.014  8.58733  
158  -27.014  8.68735  
159  -27.014  8.78737  
160  -27.014  8.8874  
161  -26.9139  5.78672  
162  -26.9139  5.88674  
163  -26.9139  5.98676  
164  -26.9139  6.08678  
165  -26.9139  6.18681  
166  -26.9139  6.28683  
167  -26.9139  6.38685  
168  -26.9139  6.48687  
169  -26.9139  6.58689  
170  -26.9139  6.68692  
171  -26.9139  6.78694  
172  -26.9139  6.88696  
173  -26.9139  6.98698  
174  -26.9139  7.087  
175  -26.9139  7.18702  
176  -26.9139  7.28705  
177  -26.9139  7.38707  
178  -26.9139  7.48709  
179  -26.9139  7.58711  
180  -26.9139  7.68713  
181  -26.9139  7.78716  
182  -26.9139  7.88718  
183  -26.9139  7.9872  
184  -26.9139  8.08722  
185  -26.9139  8.18724  
186  -26.9139  8.28727  
187  -26.9139  8.38729  
188  -26.9139  8.48731  
189  -26.9139  8.58733  
190  -26.9139  8.68735  
191  -26.9139  8.78737  
192  -26.9139  8.8874  
193  -26.8138  5.78672  
194  -26.8138  5.88674  
195  -26.8138  5.98676  
196  -26.8138  6.08678  
197  -26.8138  6.18681  
198  -26.8138  6.28683  
199  -26.8138  6.38685  
200  -26.8138  6.48687  
201  -26.8138  6.58689  
202  -26.8138  6.68692  
203  -26.8138  6.78694  
204  -26.8138  6.88696  
205  -26.8138  6.98698  
206  -26.8138  7.087  
207  -26.8138  7.18702  
208  -26.8138  7.28705  
209  -26.8138  7.38707  
210  -26.8138  7.48709  
211  -26.8138  7.58711  
212  -26.8138  7.68713  
213  -26.8138  7.78716  
214  -26.8138  7.88718  
215  -26.8138  7.9872  
216  -26.8138  8.08722  
217  -26.8138  8.18724  
218  -26.8138  8.28727  
219  -26.8138  8.38729  
220  -26.8138  8.48731  
221  -26.8138  8.58733  
222  -26.8138  8.68735  
223  -26.8138  8.78737  
224  -26.8138  8.8874  
225  -26.7137  5.78672  
226  -26.7137  5.88674  
227  -26.7137  5.98676  
228  -26.7137  6.08678  
229  -26.7137  6.18681  
230  -26.7137  6.28683  
231  -26.7137  6.38685  
232  -26.7137  6.48687  
233  -26.7137  6.58689  
234  -26.7137  6.68692  
235  -26.7137  6.78694  
236  -26.7137  6.88696  
237  -26.7137  6.98698  
238  -26.7137  7.087  
239  -26.7137  7.18702  
240  -26.7137  7.28705  
241  -26.7137  7.38707  
242  -26.7137  7.48709  
243  -26.7137  7.58711  
244  -26.7137  7.68713  
245  -26.7137  7.78716  
246  -26.7137  7.88718  
247  -26.7137  7.9872  
248  -26.7137  8.08722  
249  -26.7137  8.18724  
250  -26.7137  8.28727  
251  -26.7137  8.38729  
252  -26.7137  8.48731  
253  -26.7137  8.58733  
254  -26.7137  8.68735  
255  -26.7137  8.78737  
256  -26.7137  8.8874  
257  -26.6136  5.78672  
258  -26.6136  5.88674  
259  -26.6136  5.98676  
260  -26.6136  6.08678  
261  -26.6136  6.18681  
262  -26.6136  6.28683  
263  -26.6136  6.38685  
264  -26.6136  6.48687  
265  -26.6136  6.58689  
266  -26.6136  6.68692  
267  -26.6136  6.78694  
268  -26.6136  6.88696  
269  -26.6136  6.98698  
270  -26.6136  7.087  
271  -26.6136  7.18702  
272  -26.6136  7.28705  
273  -26.6136  7.38707  
274  -26.6136  7.48709  
275  -26.6136  7.58711  
276  -26.6136  7.68713  
277  -26.6136  7.78716  
278  -26.6136  7.88718  
279  -26.6136  7.9872  
280  -26.6136  8.08722  
281  -26.6136  8.18724  
282  -26.6136  8.28727  
283  -26.6136  8.38729  
284  -26.6136  8.48731  
285  -26.6136  8.58733  
286  -26.6136  8.68735  
287  -26.6136  8.78737  
288  -26.6136  8.8874  
289  -26.5135  5.78672  
290  -26.5135  5.88674  
291  -26.5135  5.98676  
292  -26.5135  6.08678  
293  -26.5135  6.18681  
294  -26.5135  6.28683  
295  -26.5135  6.38685  
296  -26.5135  6.48687  
297  -26.5135  6.58689  
298  -26.5135  6.68692  
299  -26.5135  6.78694  
300  -26.5135  6.88696  
301  -26.5135  6.98698  
302  -26.5135  7.087  
303  -26.5135  7.18702  
304  -26.5135  7.28705  
305  -26.5135  7.38707  
306  -26.5135  7.48709  
307  -26.5135  7.58711  
308  -26.5135  7.68713  
309  -26.5135  7.78716  
310  -26.5135  7.88718  
311  -26.5135  7.9872  
312  -26.5135  8.08722  
313  -26.5135  8.18724  
314  -26.5135  8.28727  
315  -26.5135  8.38729  
316  -26.5135  8.48731  
317  -26.5135  8.58733  
318  -26.5135  8.68735  
319  -26.5135  8.78737  
320  -26.5135  8.8874  
321  -26.4134  5.78672  
322  -26.4134  5.88674  
323  -26.4134  5.98676  
324  -26.4134  6.08678  
325  -26.4134  6.18681  
326  -26.4134  6.28683  
327  -26.4134  6.38685  
328  -26.4134  6.48687  
329  -26.4134  6.58689  
330  -26.4134  6.68692  
331  -26.4134  6.78694  
332  -26.4134  6.88696  
333  -26.4134  6.98698  
334  -26.4134  7.087  
335  -26.4134  7.18702  
336  -26.4134  7.28705  
337  -26.4134  7.38707  
338  -26.4134  7.48709  
339  -26.4134  7.58711  
340  -26.4134  7.68713  
341  -26.4134  7.78716  
342  -26.4134  7.88718  
343  -26.4134  7.9872  
344  -26.4134  8.08722  
345  -26.4134  8.18724  
346  -26.4134  8.28727  
347  -26.4134  8.38729  
348  -26.4134  8.48731  
349  -26.4134  8.58733  
350  -26.4134  8.68735  
351  -26.4134  8.78737  
352  -26.4134  8.8874  
353  -26.3133  5.78672  
354  -26.3133  5.88674  
355  -26.3133  5.98676  
356  -26.3133  6.08678  
357  -26.3133  6.18681  
358  -26.3133  6.28683  
359  -26.3133  6.38685  
360  -26.3133  6.48687  
361  -26.3133  6.58689  
362  -26.3133  6.68692  
363  -26.3133  6.78694  
364  -26.3133  6.88696  
365  -26.3133  6.98698  
366  -26.3133  7.087  
367  -26.3133  7.18702  
368  -26.3133  7.28705  
369  -26.3133  7.38707  
370  -26.3133  7.48709  
371  -26.3133  7.58711  
372  -26.3133  7.68713  
373  -26.3133  7.78716  
374  -26.3133  7.88718  
375  -26.3133  7.9872  
376  -26.3133  8.08722  
377  -26.3133  8.18724  
378  -26.3133  8.28727  
379  -26.3133  8.38729  
380  -26.3133  8.48731  
381  -26.3133  8.58733  
382  -26.3133  8.68735  
383  -26.3133  8.78737  
384  -26.3133  8.8874  
385  -26.2133  5.78672  
386  -26.2133  5.88674  
387  -26.2133  5.98676  
388  -26.2133  6.08678  
389  -26.2133  6.18681  
390  -26.2133  6.28683  
391  -26.2133  6.38685  
392  -26.2133  6.48687  
393  -26.2133  6.58689  
394  -26.2133  6.68692  
395  -26.2133  6.78694  
396  -26.2133  6.88696  
397  -26.2133  6.98698  
398  -26.2133  7.087  
399  -26.2133  7.18702  
400  -26.2133  7.28705  
401  -26.2133  7.38707  
402  -26.2133  7.48709  
403  -26.2133  7.58711  
404  -26.2133  7.68713  
405  -26.2133  7.78716  
406  -26.2133  7.88718  
407  -26.2133  7.9872  
408  -26.2133  8.08722  
409  -26.2133  8.18724  
410  -26.2133  8.28727  
411  -26.2133  8.38729  
412  -26.2133  8.48731  
413  -26.2133  8.58733  
414  -26.2133  8.68735  
415  -26.2133  8.78737  
416  -26.2133  8.8874  
417  -26.1132  5.78672  
418  -26.1132  5.88674  
419  -26.1132  5.98676  
420  -26.1132  6.08678  
421  -26.1132  6.18681  
422  -26.1132  6.28683  
423  -26.1132  6.38685  
424  -26.1132  6.48687  
425  -26.1132  6.58689  
426  -26.1132  6.68692  
427  -26.1132  6.78694  
428  -26.1132  6.88696  
429  -26.1132  6.98698  
430  -26.1132  7.087  
431  -26.1132  7.18702  
432  -26.1132  7.28705  
433  -26.1132  7.38707  
434  -26.1132  7.48709  
435  -26.1132  7.58711  
436  -26.1132  7.68713  
437  -26.1132  7.78716  
438  -26.1132  7.88718  
439  -26.1132  7.9872  
440  -26.1132  8.08722  
441  -26.1132  8.18724  
442  -26.1132  8.28727  
443  -26.1132  8.38729  
444  -26.1132  8.48731  
445  -26.1132  8.58733  
446  -26.1132  8.68735  
447  -26.1132  8.78737  
448  -26.1132  8.8874  
449  -26.0131  5.78672  
450  -26.0131  5.88674  
451  -26.0131  5.98676  
452  -26.0131  6.08678  
453  -26.0131  6.18681  
454  -26.0131  6.28683  
455  -26.0131  6.38685  
456  -26.0131  6.48687  
457  -26.0131  6.58689  
458  -26.0131  6.68692  
459  -26.0131  6.78694  
460  -26.0131  6.88696  
461  -26.0131  6.98698  
462  -26.0131  7.087  
463  -26.0131  7.18702  
464  -26.0131  7.28705  
465  -26.0131  7.38707  
466  -26.0131  7.48709  
467  -26.0131  7.58711  
468  -26.0131  7.68713  
469  -26.0131  7.78716  
470  -26.0131  7.88718  
471  -26.0131  7.9872  
472  -26.0131  8.08722  
473  -26.0131  8.18724  
474  -26.0131  8.28727  
475  -26.0131  8.38729  
476  -26.0131  8.48731  
477  -26.0131  8.58733  
478  -26.0131  8.68735  
479  -26.0131  8.78737  
480  -26.0131  8.8874  
481  -25.913  5.78672  
482  -25.913  5.88674  
483  -25.913  5.98676  
484  -25.913  6.08678  
485  -25.913  6.18681  
486  -25.913  6.28683  
487  -25.913  6.38685  
488  -25.913  6.48687  
489  -25.913  6.58689  
490  -25.913  6.68692  
491  -25.913  6.78694  
492  -25.913  6.88696  
493  -25.913  6.98698  
494  -25.913  7.087  
495  -25.913  7.18702  
496  -25.913  7.28705  
497  -25.913  7.38707  
498  -25.913  7.48709  
499  -25.913  7.58711  
500  -25.913  7.68713  
501  -25.913  7.78716  
502  -25.913  7.88718  
503  -25.913  7.9872  
504  -25.913  8.08722  
505  -25.913  8.18724  
506  -25.913  8.28727  
507  -25.913  8.38729  
508  -25.913  8.48731  
509  -25.913  8.58733  
510  -25.913  8.68735  
511  -25.913  8.78737  
512  -25.913  8.8874  
513  -25.8129  5.78672  
514  -25.8129  5.88674  
515  -25.8129  5.98676  
516  -25.8129  6.08678  
517  -25.8129  6.18681  
518  -25.8129  6.28683  
519  -25.8129  6.38685  
520  -25.8129  6.48687  
521  -25.8129  6.58689  
522  -25.8129  6.68692  
523  -25.8129  6.78694  
524  -25.8129  6.88696  
525  -25.8129  6.98698  
526  -25.8129  7.087  
527  -25.8129  7.18702  
528  -25.8129  7.28705  
529  -25.8129  7.38707  
530  -25.8129  7.48709  
531  -25.8129  7.58711  
532  -25.8129  7.68713  
533  -25.8129  7.78716  
534  -25.8129  7.88718  
535  -25.8129  7.9872  
536  -25.8129  8.08722  
537  -25.8129  8.18724  
538  -25.8129  8.28727  
539  -25.8129  8.38729  
540  -25.8129  8.48731  
541  -25.8129  8.58733  
542  -25.8129  8.68735  
543  -25.8129  8.78737  
544  -25.8129  8.8874  
545  -25.7128  5.78672  
546  -25.7128  5.88674  
547  -25.7128  5.98676  
548  -25.7128  6.08678  
549  -25.7128  6.18681  
550  -25.7128  6.28683  
551  -25.7128  6.38685  
552  -25.7128  6.48687  
553  -25.7128  6.58689  
554  -25.7128  6.68692  
555  -25.7128  6.78694  
556  -25.7128  6.88696  
557  -25.7128  6.98698  
558  -25.7128  7.087  
559  -25.7128  7.18702  
560  -25.7128  7.28705  
561  -25.7128  7.38707  
562  -25.7128  7.48709  
563  -25.7128  7.58711  
564  -25.7128  7.68713  
565  -25.7128  7.78716  
566  -25.7128  7.88718  
567  -25.7128  7.9872  
568  -25.7128  8.08722  
569  -25.7128  8.18724  
570  -25.7128  8.28727  
571  -25.7128  8.38729  
572  -25.7128  8.48731  
573  -25.7128  8.58733  
574  -25.7128  8.68735  
575  -25.7128  8.78737  
576  -25.7128  8.8874  
577  -25.6127  5.78672  
578  -25.6127  5.88674  
579  -25.6127  5.98676  
580  -25.6127  6.08678  
581  -25.6127  6.18681  
582  -25.6127  6.28683  
583  -25.6127  6.38685  
584  -25.6127  6.48687  
585  -25.6127  6.58689  
586  -25.6127  6.68692  
587  -25.6127  6.78694  
588  -25.6127  6.88696  
589  -25.6127  6.98698  
590  -25.6127  7.087  
591  -25.6127  7.18702  
592  -25.6127  7.28705  
593  -25.6127  7.38707  
594  -25.6127  7.48709  
595  -25.6127  7.58711  
596  -25.6127  7.68713  
597  -25.6127  7.78716  
598  -25.6127  7.88718  
599  -25.6127  7.9872  
600  -25.6127  8.08722  
601  -25.6127  8.18724  
602  -25.6127  8.28727  
603  -25.6127  8.38729  
604  -25.6127  8.48731  
605  -25.6127  8.58733  
606  -25.6127  8.68735  
607  -25.6127  8.78737  
608  -25.6127  8.8874  
609  -25.5126  5.78672  
610  -25.5126  5.88674  
611  -25.5126  5.98676  
612  -25.5126  6.08678  
613  -25.5126  6.18681  
614  -25.5126  6.28683  
615  -25.5126  6.38685  
616  -25.5126  6.48687  
617  -25.5126  6.58689  
618  -25.5126  6.68692  
619  -25.5126  6.78694  
620  -25.5126  6.88696  
621  -25.5126  6.98698  
622  -25.5126  7.087  
623  -25.5126  7.18702  
624  -25.5126  7.28705  
625  -25.5126  7.38707  
626  -25.5126  7.48709  
627  -25.5126  7.58711  
628  -25.5126  7.68713  
629  -25.5126  7.78716  
630  -25.5126  7.88718  
631  -25.5126  7.9872  
632  -25.5126  8.08722  
633  -25.5126  8.18724  
634  -25.5126  8.28727  
635  -25.5126  8.38729  
636  -25.5126  8.48731  
637  -25.5126  8.58733  
638  -25.5126  8.68735  
639  -25.5126  8.78737  
640  -25.5126  8.8874  
641  -25.4125  5.78672  
642  -25.4125  5.88674  
643  -25.4125  5.98676  
644  -25.4125  6.08678  
645  -25.4125  6.18681  
646  -25.4125  6.28683  
647  -25.4125  6.38685  
648  -25.4125  6.48687  
649  -25.4125  6.58689  
650  -25.4125  6.68692  
651  -25.4125  6.78694  
652  -25.4125  6.88696  
653  -25.4125  6.98698  
654  -25.4125  7.087  
655  -25.4125  7.18702  
656  -25.4125  7.28705  
657  -25.4125  7.38707  
658  -25.4125  7.48709  
659  -25.4125  7.58711  
660  -25.4125  7.68713  
661  -25.4125  7.78716  
662  -25.4125  7.88718  
663  -25.4125  7.9872  
664  -25.4125  8.08722  
665  -25.4125  8.18724  
666  -25.4125  8.28727  
667  -25.4125  8.38729  
668  -25.4125  8.48731  
669  -25.4125  8.58733  
670  -25.4125  8.68735  
671  -25.4125  8.78737  
672  -25.4125  8.8874  
673  -25.3124  5.78672  
674  -25.3124  5.88674  
675  -25.3124  5.98676  
676  -25.3124  6.08678  
677  -25.3124  6.18681  
678  -25.3124  6.28683  
679  -25.3124  6.38685  
680  -25.3124  6.48687  
681  -25.3124  6.58689  
682  -25.3124  6.68692  
683  -25.3124  6.78694  
684  -25.3124  6.88696  
685  -25.3124  6.98698  
686  -25.3124  7.087  
687  -25.3124  7.18702  
688  -25.3124  7.28705  
689  -25.3124  7.38707  
690  -25.3124  7.48709  
691  -25.3124  7.58711  
692  -25.3124  7.68713  
693  -25.3124  7.78716  
694  -25.3124  7.88718  
695  -25.3124  7.9872  
696  -25.3124  8.08722  
697  -25.3124  8.18724  
698  -25.3124  8.28727  
699  -25.3124  8.38729  
700  -25.3124  8.48731  
701  -25.3124  8.58733  
702  -25.3124  8.68735  
703  -25.3124  8.78737  
704  -25.3124  8.8874  
705  -25.2123  5.78672  
706  -25.2123  5.88674  
707  -25.2123  5.98676  
708  -25.2123  6.08678  
709  -25.2123  6.18681  
710  -25.2123  6.28683  
711  -25.2123  6.38685  
712  -25.2123  6.48687  
713  -25.2123  6.58689  
714  -25.2123  6.68692  
715  -25.2123  6.78694  
716  -25.2123  6.88696  
717  -25.2123  6.98698  
718  -25.2123  7.087  
719  -25.2123  7.18702  
720  -25.2123  7.28705  
721  -25.2123  7.38707  
722  -25.2123  7.48709  
723  -25.2123  7.58711  
724  -25.2123  7.68713  
725  -25.2123  7.78716  
726  -25.2123  7.88718  
727  -25.2123  7.9872  
728  -25.2123  8.08722  
729  -25.2123  8.18724  
730  -25.2123  8.28727  
731  -25.2123  8.38729  
732  -25.2123  8.48731  
733  -25.2123  8.58733  
734  -25.2123  8.68735  
735  -25.2123  8.78737  
736  -25.2123  8.8874  
737  -25.1122  5.78672  
738  -25.1122  5.88674  
739  -25.1122  5.98676  
740  -25.1122  6.08678  
741  -25.1122  6.18681  
742  -25.1122  6.28683  
743  -25.1122  6.38685  
744  -25.1122  6.48687  
745  -25.1122  6.58689  
746  -25.1122  6.68692  
747  -25.1122  6.78694  
748  -25.1122  6.88696  
749  -25.1122  6.98698  
750  -25.1122  7.087  
751  -25.1122  7.18702  
752  -25.1122  7.28705  
753  -25.1122  7.38707  
754  -25.1122  7.48709  
755  -25.1122  7.58711  
756  -25.1122  7.68713  
757  -25.1122  7.78716  
758  -25.1122  7.88718  
759  -25.1122  7.9872  
760  -25.1122  8.08722  
761  -25.1122  8.18724  
762  -25.1122  8.28727  
763  -25.1122  8.38729  
764  -25.1122  8.48731  
765  -25.1122  8.58733  
766  -25.1122  8.68735  
767  -25.1122  8.78737  
768  -25.1122  8.8874  
769  -25.0121  5.78672  
770  -25.0121  5.88674  
771  -25.0121  5.98676  
772  -25.0121  6.08678  
773  -25.0121  6.18681  
774  -25.0121  6.28683  
775  -25.0121  6.38685  
776  -25.0121  6.48687  
777  -25.0121  6.58689  
778  -25.0121  6.68692  
779  -25.0121  6.78694  
780  -25.0121  6.88696  
781  -25.0121  6.98698  
782  -25.0121  7.087  
783  -25.0121  7.18702  
784  -25.0121  7.28705  
785  -25.0121  7.38707  
786  -25.0121  7.48709  
787  -25.0121  7.58711  
788  -25.0121  7.68713  
789  -25.0121  7.78716  
790  -25.0121  7.88718  
791  -25.0121  7.9872  
792  -25.0121  8.08722  
793  -25.0121  8.18724  
794  -25.0121  8.28727  
795  -25.0121  8.38729  
796  -25.0121  8.48731  
797  -25.0121  8.58733  
798  -25.0121  8.68735  
799  -25.0121  8.78737  
800  -25.0121  8.8874  
801  -24.9121  5.78672  
802  -24.9121  5.88674  
803  -24.9121  5.98676  
804  -24.9121  6.08678  
805  -24.9121  6.18681  
806  -24.9121  6.28683  
807  -24.9121  6.38685  
808  -24.9121  6.48687  
809  -24.9121  6.58689  
810  -24.9121  6.68692  
811  -24.9121  6.78694  
812  -24.9121  6.88696  
813  -24.9121  6.98698  
814  -24.9121  7.087  
815  -24.9121  7.18702  
816  -24.9121  7.28705  
817  -24.9121  7.38707  
818  -24.9121  7.48709  
819  -24.9121  7.58711  
820  -24.9121  7.68713  
821  -24.9121  7.78716  
822  -24.9121  7.88718  
823  -24.9121  7.9872  
824  -24.9121  8.08722  
825  -24.9121  8.18724  
826  -24.9121  8.28727  
827  -24.9121  8.38729  
828  -24.9121  8.48731  
829  -24.9121  8.58733  
830  -24.9121  8.68735  
831  -24.9121  8.78737  
832  -24.9121  8.8874  
833  -24.812  5.78672  
834  -24.812  5.88674  
835  -24.812  5.98676  
836  -24.812  6.08678  
837  -24.812  6.18681  
838  -24.812  6.28683  
839  -24.812  6.38685  
840  -24.812  6.48687  
841  -24.812  6.58689  
842  -24.812  6.68692  
843  -24.812  6.78694  
844  -24.812  6.88696  
845  -24.812  6.98698  
846  -24.812  7.087  
847  -24.812  7.18702  
848  -24.812  7.28705  
849  -24.812  7.38707  
850  -24.812  7.48709  
851  -24.812  7.58711  
852  -24.812  7.68713  
853  -24.812  7.78716  
854  -24.812  7.88718  
855  -24.812  7.9872  
856  -24.812  8.08722  
857  -24.812  8.18724  
858  -24.812  8.28727  
859  -24.812  8.38729  
860  -24.812  8.48731  
861  -24.812  8.58733  
862  -24.812  8.68735  
863  -24.812  8.78737  
864  -24.812  8.8874  
865  -24.7119  5.78672  
866  -24.7119  5.88674  
867  -24.7119  5.98676  
868  -24.7119  6.08678  
869  -24.7119  6.18681  
870  -24.7119  6.28683  
871  -24.7119  6.38685  
872  -24.7119  6.48687  
873  -24.7119  6.58689  
874  -24.7119  6.68692  
875  -24.7119  6.78694  
876  -24.7119  6.88696  
877  -24.7119  6.98698  
878  -24.7119  7.087  
879  -24.7119  7.18702  
880  -24.7119  7.28705  
881  -24.7119  7.38707  
882  -24.7119  7.48709  
883  -24.7119  7.58711  
884  -24.7119  7.68713  
885  -24.7119  7.78716  
886  -24.7119  7.88718  
887  -24.7119  7.9872  
888  -24.7119  8.08722  
889  -24.7119  8.18724  
890  -24.7119  8.28727  
891  -24.7119  8.38729  
892  -24.7119  8.48731  
893  -24.7119  8.58733  
894  -24.7119  8.68735  
895  -24.7119  8.78737  
896  -24.7119  8.8874  
897  -24.6118  5.78672  
898  -24.6118  5.88674  
899  -24.6118  5.98676  
900  -24.6118  6.08678  
901  -24.6118  6.18681  
902  -24.6118  6.28683  
903  -24.6118  6.38685  
904  -24.6118  6.48687  
905  -24.6118  6.58689  
906  -24.6118  6.68692  
907  -24.6118  6.78694  
908  -24.6118  6.88696  
909  -24.6118  6.98698  
910  -24.6118  7.087  
911  -24.6118  7.18702  
912  -24.6118  7.28705  
913  -24.6118  7.38707  
914  -24.6118  7.48709  
915  -24.6118  7.58711  
916  -24.6118  7.68713  
917  -24.6118  7.78716  
918  -24.6118  7.88718  
919  -24.6118  7.9872  
920  -24.6118  8.08722  
921  -24.6118  8.18724  
922  -24.6118  8.28727  
923  -24.6118  8.38729  
924  -24.6118  8.48731  
925  -24.6118  8.58733  
926  -24.6118  8.68735  
927  -24.6118  8.78737  
928  -24.6118  8.8874  
929  -24.5117  5.78672  
930  -24.5117  5.88674  
931  -24.5117  5.98676  
932  -24.5117  6.08678  
933  -24.5117  6.18681  
934  -24.5117  6.28683  
935  -24.5117  6.38685  
936  -24.5117  6.48687  
937  -24.5117  6.58689  
938  -24.5117  6.68692  
939  -24.5117  6.78694  
940  -24.5117  6.88696  
941  -24.5117  6.98698  
942  -24.5117  7.087  
943  -24.5117  7.18702  
944  -24.5117  7.28705  
945  -24.5117  7.38707  
946  -24.5117  7.48709  
947  -24.5117  7.58711  
948  -24.5117  7.68713  
949  -24.5117  7.78716  
950  -24.5117  7.88718  
951  -24.5117  7.9872  
952  -24.5117  8.08722  
953  -24.5117  8.18724  
954  -24.5117  8.28727  
955  -24.5117  8.38729  
956  -24.5117  8.48731  
957  -24.5117  8.58733  
958  -24.5117  8.68735  
959  -24.5117  8.78737  
960  -24.5117  8.8874  
961  -24.4116  5.78672  
962  -24.4116  5.88674  
963  -24.4116  5.98676  
964  -24.4116  6.08678  
965  -24.4116  6.18681  
966  -24.4116  6.28683  
967  -24.4116  6.38685  
968  -24.4116  6.48687  
969  -24.4116  6.58689  
970  -24.4116  6.68692  
971  -24.4116  6.78694  
972  -24.4116  6.88696  
973  -24.4116  6.98698  
974  -24.4116  7.087  
975  -24.4116  7.18702  
976  -24.4116  7.28705  
977  -24.4116  7.38707  
978  -24.4116  7.48709  
979  -24.4116  7.58711  
980  -24.4116  7.68713  
981  -24.4116  7.78716  
982  -24.4116  7.88718  
983  -24.4116  7.9872  
984  -24.4116  8.08722  
985  -24.4116  8.18724  
986  -24.4116  8.28727  
987  -24.4116  8.38729  
988  -24.4116  8.48731  
989  -24.4116  8.58733  
990  -24.4116  8.68735  
991  -24.4116  8.78737  
992  -24.4116  8.8874  
993  -24.3115  5.78672  
994  -24.3115  5.88674  
995  -24.3115  5.98676  
996  -24.3115  6.08678  
997  -24.3115  6.18681  
998  -24.3115  6.28683  
999  -24.3115  6.38685  
1000  -24.3115  6.48687  
1001  -24.3115  6.58689  
1002  -24.3115  6.68692  
1003  -24.3115  6.78694  
1004  -24.3115  6.88696  
1005  -24.3115  6.98698  
1006  -24.3115  7.087  
1007  -24.3115  7.18702  
1008  -24.3115  7.28705  
1009  -24.3115  7.38707  
1010  -24.3115  7.48709  
1011  -24.3115  7.58711  
1012  -24.3115  7.68713  
1013  -24.3115  7.78716  
1014  -24.3115  7.88718  
1015  -24.3115  7.9872  
1016  -24.3115  8.08722  
1017  -24.3115  8.18724  
1018  -24.3115  8.28727  
1019  -24.3115  8.38729  
1020  -24.3115  8.48731  
1021  -24.3115  8.58733  
1022  -24.3115  8.68735  
1023  -24.3115  8.78737  
1024  -24.3115  8.8874  
1025  -24.2114  5.78672  
1026  -24.2114  5.88674  
1027  -24.2114  5.98676  
1028  -24.2114  6.08678  
1029  -24.2114  6.18681  
1030  -24.2114  6.28683  
1031  -24.2114  6.38685  
1032  -24.2114  6.48687  
1033  -24.2114  6.58689  
1034  -24.2114  6.68692  
1035  -24.2114  6.78694  
1036  -24.2114  6.88696  
1037  -24.2114  6.98698  
1038  -24.2114  7.087  
1039  -24.2114  7.18702  
1040  -24.2114  7.28705  
1041  -24.2114  7.38707  
1042  -24.2114  7.48709  
1043  -24.2114  7.58711  
1044  -24.2114  7.68713  
1045  -24.2114  7.78716  
1046  -24.2114  7.88718  
1047  -24.2114  7.9872  
1048  -24.2114  8.08722  
1049  -24.2114  8.18724  
1050  -24.2114  8.28727  
1051  -24.2114  8.38729  
1052  -24.2114  8.48731  
1053  -24.2114  8.58733  
1054  -24.2114  8.68735  
1055  -24.2114  8.78737  
1056  -24.2114  8.8874  
1057  -24.1113  5.78672  
1058  -24.1113  5.88674  
1059  -24.1113  5.98676  
1060  -24.1113  6.08678  
1061  -24.1113  6.18681  
1062  -24.1113  6.28683  
1063  -24.1113  6.38685  
1064  -24.1113  6.48687  
1065  -24.1113  6.58689  
1066  -24.1113  6.68692  
1067  -24.1113  6.78694  
1068  -24.1113  6.88696  
1069  -24.1113  6.98698  
1070  -24.1113  7.087  
1071  -24.1113  7.18702  
1072  -24.1113  7.28705  
1073  -24.1113  7.38707  
1074  -24.1113  7.48709  
1075  -24.1113  7.58711  
1076  -24.1113  7.68713  
1077  -24.1113  7.78716  
1078  -24.1113  7.88718  
1079  -24.1113  7.9872  
1080  -24.1113  8.08722  
1081  -24.1113  8.18724  
1082  -24.1113  8.28727  
1083  -24.1113  8.38729  
1084  -24.1113  8.48731  
1085  -24.1113  8.58733  
1086  -24.1113  8.68735  
1087  -24.1113  8.78737  
1088  -24.1113  8.8874  
1089  -24.0112  5.78672  
1090  -24.0112  5.88674  
1091  -24.0112  5.98676  
1092  -24.0112  6.08678  
1093  -24.0112  6.18681  
1094  -24.0112  6.28683  
1095  -24.0112  6.38685  
1096  -24.0112  6.48687  
1097  -24.0112  6.58689  
1098  -24.0112  6.68692  
1099  -24.0112  6.78694  
1100  -24.0112  6.88696  
1101  -24.0112  6.98698  
1102  -24.0112  7.087  
1103  -24.0112  7.18702  
1104  -24.0112  7.28705  
1105  -24.0112  7.38707  
1106  -24.0112  7.48709  
1107  -24.0112  7.58711  
1108  -24.0112  7.68713  
1109  -24.0112  7.78716  
1110  -24.0112  7.88718  
1111  -24.0112  7.9872  
1112  -24.0112  8.08722  
1113  -24.0112  8.18724  
1114  -24.0112  8.28727  
1115  -24.0112  8.38729  
1116  -24.0112  8.48731  
1117  -24.0112  8.58733  
1118  -24.0112  8.68735  
1119  -24.0112  8.78737  
1120  -24.0112  8.8874  
1121  -23.9111  5.78672  
1122  -23.9111  5.88674  
1123  -23.9111  5.98676  
1124  -23.9111  6.08678  
1125  -23.9111  6.18681  
1126  -23.9111  6.28683  
1127  -23.9111  6.38685  
1128  -23.9111  6.48687  
1129  -23.9111  6.58689  
1130  -23.9111  6.68692  
1131  -23.9111  6.78694  
1132  -23.9111  6.88696  
1133  -23.9111  6.98698  
1134  -23.9111  7.087  
1135  -23.9111  7.18702  
1136  -23.9111  7.28705  
1137  -23.9111  7.38707  
1138  -23.9111  7.48709  
1139  -23.9111  7.58711  
1140  -23.9111  7.68713  
1141  -23.9111  7.78716  
1142  -23.9111  7.88718  
1143  -23.9111  7.9872  
1144  -23.9111  8.08722  
1145  -23.9111  8.18724  
1146  -23.9111  8.28727  
1147  -23.9111  8.38729  
1148  -23.9111  8.48731  
1149  -23.9111  8.58733  
1150  -23.9111  8.68735  
1151  -23.9111  8.78737  
1152  -23.9111  8.8874  
1153  -23.811  5.78672  
1154  -23.811  5.88674  
1155  -23.811  5.98676  
1156  -23.811  6.08678  
1157  -23.811  6.18681  
1158  -23.811  6.28683  
1159  -23.811  6.38685  
1160  -23.811  6.48687  
1161  -23.811  6.58689  
1162  -23.811  6.68692  
1163  -23.811  6.78694  
1164  -23.811  6.88696  
1165  -23.811  6.98698  
1166  -23.811  7.087  
1167  -23.811  7.18702  
1168  -23.811  7.28705  
1169  -23.811  7.38707  
1170  -23.811  7.48709  
1171  -23.811  7.58711  
1172  -23.811  7.68713  
1173  -23.811  7.78716  
1174  -23.811  7.88718  
1175  -23.811  7.9872  
1176  -23.811  8.08722  
1177  -23.811  8.18724  
1178  -23.811  8.28727  
1179  -23.811  8.38729  
1180  -23.811  8.48731  
1181  -23.811  8.58733  
1182  -23.811  8.68735  
1183  -23.811  8.78737  
1184  -23.811  8.8874  
1185  -23.711  5.78672  
1186  -23.711  5.88674  
1187  -23.711  5.98676  
1188  -23.711  6.08678  
1189  -23.711  6.18681  
1190  -23.711  6.28683  
1191  -23.711  6.38685  
1192  -23.711  6.48687  
1193  -23.711  6.58689  
1194  -23.711  6.68692  
1195  -23.711  6.78694  
1196  -23.711  6.88696  
1197  -23.711  6.98698  
1198  -23.711  7.087  
1199  -23.711  7.18702  
1200  -23.711  7.28705  
1201  -23.711  7.38707  
1202  -23.711  7.48709  
1203  -23.711  7.58711  
1204  -23.711  7.68713  
1205  -23.711  7.78716  
1206  -23.711  7.88718  
1207  -23.711  7.9872  
1208  -23.711  8.08722  
1209  -23.711  8.18724  
1210  -23.711  8.28727  
1211  -23.711  8.38729  
1212  -23.711  8.48731  
1213  -23.711  8.58733  
1214  -23.711  8.68735  
1215  -23.711  8.78737  
1216  -23.711  8.8874  
1217  -23.6109  5.78672  
1218  -23.6109  5.88674  
1219  -23.6109  5.98676  
1220  -23.6109  6.08678  
1221  -23.6109  6.18681  
1222  -23.6109  6.28683  
1223  -23.6109  6.38685  
1224  -23.6109  6.48687  
1225  -23.6109  6.58689  
1226  -23.6109  6.68692  
1227  -23.6109  6.78694  
1228  -23.6109  6.88696  
1229  -23.6109  6.98698  
1230  -23.6109  7.087  
1231  -23.6109  7.18702  
1232  -23.6109  7.28705  
1233  -23.6109  7.38707  
1234  -23.6109  7.48709  
1235  -23.6109  7.58711  
1236  -23.6109  7.68713  
1237  -23.6109  7.78716  
1238  -23.6109  7.88718  
1239  -23.6109  7.9872  
1240  -23.6109  8.08722  
1241  -23.6109  8.18724  
1242  -23.6109  8.28727  
1243  -23.6109  8.38729  
1244  -23.6109  8.48731  
1245  -23.6109  8.58733  
1246  -23.6109  8.68735  
1247  -23.6109  8.78737  
1248  -23.6109  8.8874  
1249  -23.5108  5.78672  
1250  -23.5108  5.88674  
1251  -23.5108  5.98676  
1252  -23.5108  6.08678  
1253  -23.5108  6.18681  
1254  -23.5108  6.28683  
1255  -23.5108  6.38685  
1256  -23.5108  6.48687  
1257  -23.5108  6.58689  
1258  -23.5108  6.68692  
1259  -23.5108  6.78694  
1260  -23.5108  6.88696  
1261  -23.5108  6.98698  
1262  -23.5108  7.087  
1263  -23.5108  7.18702  
1264  -23.5108  7.28705  
1265  -23.5108  7.38707  
1266  -23.5108  7.48709  
1267  -23.5108  7.58711  
1268  -23.5108  7.68713  
1269  -23.5108  7.78716  
1270  -23.5108  7.88718  
1271  -23.5108  7.9872  
1272  -23.5108  8.08722  
1273  -23.5108  8.18724  
1274  -23.5108  8.28727  
1275  -23.5108  8.38729  
1276  -23.5108  8.48731  
1277  -23.5108  8.58733  
1278  -23.5108  8.68735  
1279  -23.5108  8.78737  
1280  -23.5108  8.8874  
1281  -23.4107  5.78672  
1282  -23.4107  5.88674  
1283  -23.4107  5.98676  
1284  -23.4107  6.08678  
1285  -23.4107  6.18681  
1286  -23.4107  6.28683  
1287  -23.4107  6.38685  
1288  -23.4107  6.48687  
1289  -23.4107  6.58689  
1290  -23.4107  6.68692  
1291  -23.4107  6.78694  
1292  -23.4107  6.88696  
1293  -23.4107  6.98698  
1294  -23.4107  7.087  
1295  -23.4107  7.18702  
1296  -23.4107  7.28705  
1297  -23.4107  7.38707  
1298  -23.4107  7.48709  
1299  -23.4107  7.58711  
1300  -23.4107  7.68713  
1301  -23.4107  7.78716  
1302  -23.4107  7.88718  
1303  -23.4107  7.9872  
1304  -23.4107  8.08722  
1305  -23.4107  8.18724  
1306  -23.4107  8.28727  
1307  -23.4107  8.38729  
1308  -23.4107  8.48731  
1309  -23.4107  8.58733  
1310  -23.4107  8.68735  
1311  -23.4107  8.78737  
1312  -23.4107  8.8874  
1313  -23.3106  5.78672  
1314  -23.3106  5.88674  
1315  -23.3106  5.98676  
1316  -23.3106  6.08678  
1317  -23.3106  6.18681  
1318  -23.3106  6.28683  
1319  -23.3106  6.38685  
1320  -23.3106  6.48687  
1321  -23.3106  6.58689  
1322  -23.3106  6.68692  
1323  -23.3106  6.78694  
1324  -23.3106  6.88696  
1325  -23.3106  6.98698  
1326  -23.3106  7.087  
1327  -23.3106  7.18702  
1328  -23.3106  7.28705  
1329  -23.3106  7.38707  
1330  -23.3106  7.48709  
1331  -23.3106  7.58711  
1332  -23.3106  7.68713  
1333  -23.3106  7.78716  
1334  -23.3106  7.88718  
1335  -23.3106  7.9872  
1336  -23.3106  8.08722  
1337  -23.3106  8.18724  
1338  -23.3106  8.28727  
1339  -23.3106  8.38729  
1340  -23.3106  8.48731  
1341  -23.3106  8.58733  
1342  -23.3106  8.68735  
1343  -23.3106  8.78737  
1344  -23.3106  8.8874  
1345  -23.2105  5.78672  
1346  -23.2105  5.88674  
1347  -23.2105  5.98676  
1348  -23.2105  6.08678  
1349  -23.2105  6.18681  
1350  -23.2105  6.28683  
1351  -23.2105  6.38685  
1352  -23.2105  6.48687  
1353  -23.2105  6.58689  
1354  -23.2105  6.68692  
1355  -23.2105  6.78694  
1356  -23.2105  6.88696  
1357  -23.2105  6.98698  
1358  -23.2105  7.087  
1359  -23.2105  7.18702  
1360  -23.2105  7.28705  
1361  -23.2105  7.38707  
1362  -23.2105  7.48709  
1363  -23.2105  7.58711  
1364  -23.2105  7.68713  
1365  -23.2105  7.78716  
1366  -23.2105  7.88718  
1367  -23.2105  7.9872  
1368  -23.2105  8.08722  
1369  -23.2105  8.18724  
1370  -23.2105  8.28727  
1371  -23.2105  8.38729  
1372  -23.2105  8.48731  
1373  -23.2105  8.58733  
1374  -23.2105  8.68735  
1375  -23.2105  8.78737  
1376  -23.2105  8.8874  
1377  -23.1104  5.78672  
1378  -23.1104  5.88674  
1379  -23.1104  5.98676  
1380  -23.1104  6.08678  
1381  -23.1104  6.18681  
1382  -23.1104  6.28683  
1383  -23.1104  6.38685  
1384  -23.1104  6.48687  
1385  -23.1104  6.58689  
1386  -23.1104  6.68692  
1387  -23.1104  6.78694  
1388  -23.1104  6.88696  
1389  -23.1104  6.98698  
1390  -23.1104  7.087  
1391  -23.1104  7.18702  
1392  -23.1104  7.28705  
1393  -23.1104  7.38707  
1394  -23.1104  7.48709  
1395  -23.1104  7.58711  
1396  -23.1104  7.68713  
1397  -23.1104  7.78716  
1398  -23.1104  7.88718  
1399  -23.1104  7.9872  
1400  -23.1104  8.08722  
1401  -23.1104  8.18724  
1402  -23.1104  8.28727  
1403  -23.1104  8.38729  
1404  -23.1104  8.48731  
1405  -23.1104  8.58733  
1406  -23.1104  8.68735  
1407  -23.1104  8.78737  
1408  -23.1104  8.8874  
1409  -23.0103  5.78672  
1410  -23.0103  5.88674  
1411  -23.0103  5.98676  
1412  -23.0103  6.08678  
1413  -23.0103  6.18681  
1414  -23.0103  6.28683  
1415  -23.0103  6.38685  
1416  -23.0103  6.48687  
1417  -23.0103  6.58689  
1418  -23.0103  6.68692  
1419  -23.0103  6.78694  
1420  -23.0103  6.88696  
1421  -23.0103  6.98698  
1422  -23.0103  7.087  
1423  -23.0103  7.18702  
1424  -23.0103  7.28705  
1425  -23.0103  7.38707  
1426  -23.0103  7.48709  
1427  -23.0103  7.58711  
1428  -23.0103  7.68713  
1429  -23.0103  7.78716  
1430  -23.0103  7.88718  
1431  -23.0103  7.9872  
1432  -23.0103  8.08722  
1433  -23.0103  8.18724  
1434  -23.0103  8.28727  
1435  -23.0103  8.38729  
1436  -23.0103  8.48731  
1437  -23.0103  8.58733  
1438  -23.0103  8.68735  
1439  -23.0103  8.78737  
1440  -23.0103  8.8874  
